"model"	"n.muts"	"coes"	"sigma"	"u.mean"	"d.hat.MLE"	"u.hats.A"	"u.hats.B"	"u.hats.C"	"u.hats.D"	"u.hats.E"	"u.hats.F"	"u.hats.G"	"u.hats.H"	"u.hats.I"	"R2.stick"	"sig.stick"	"lnL.stick"	"P.stick"	"s.mean"	"s.hats.A"	"s.hats.B"	"s.hats.C"	"s.hats.D"	"s.hats.E"	"s.hats.F"	"s.hats.G"	"s.hats.H"	"s.hats.I"	"R2.mult"	"sig.mult"	"lnL.mult"	"P.mult"	"w.mean"	"w.hats.A"	"w.hats.B"	"w.hats.C"	"w.hats.D"	"w.hats.E"	"w.hats.F"	"w.hats.G"	"w.hats.H"	"w.hats.I"	"R2.add"	"sig.add"	"lnL.add"	"P.add"
"stick"	9	0.498218256118707	0.102430307480972	0.303857449299136	1.45275846518733	0.2546	0.28773	0.35157	0.24336	0.25915	0.35118	0.3048	0.3309	0.35143	0.61506	0.10836	23.49422	-13.20482	0.302785874085114	0.25335	0.23184	0.37018	0.1872	0.24879	0.39469	0.34613	0.32307	0.36984	0.08982	0.16662	11.44669	-24.86547	0.362085259611939	0.3056	0.30355	0.43399	0.25058	0.30296	0.44646	0.39168	0.39303	0.43092	0.45344	0.12912	18.58654	-15.85872
"stick"	9	0.205864543945063	0.00858652597526088	0.235734356255688	0.882857404843984	0.23516	0.23099	0.24647	0.23724	0.2322	0.24044	0.238	0.23074	0.23037	0.99316	0.00631	103.09601	-3.41231	0.158408269701895	0.15271	0.14833	0.16915	0.15126	0.15466	0.17223	0.17097	0.14885	0.1575	0.7191	0.04046	51.07656	-52.13194	0.176571628255638	0.17271	0.16866	0.18694	0.17241	0.17308	0.18696	0.18542	0.16871	0.17426	0.89424	0.02483	64.75278	-36.03828
"stick"	9	0.251924554666039	0.00444737088400871	0.253956963693903	0.990683658968219	0.25451	0.25124	0.25538	0.25776	0.25238	0.25253	0.25502	0.25389	0.25291	0.9986	0.00337	120.6361	-5.18957	0.185154865727678	0.17837	0.17246	0.19073	0.1777	0.182	0.19802	0.20092	0.17786	0.18834	0.64235	0.05402	42.98345	-79.70617	0.210407390285647	0.20628	0.2013	0.21451	0.20712	0.20788	0.21798	0.22085	0.20572	0.21202	0.87817	0.03153	58.06038	-61.2618
"stick"	9	0.122653281828389	0.205542120907921	0.104613972897714	1.25137681547228	0.12113	0.01002	0.16375	0.09238	0.16323	-0.01948	0.28862	0.08637	0.0355	0.14017	0.18875	7.95542	-20.16052	0.117764176269457	0.17031	0.01907	0.18524	0.1056	0.14802	-0.06492	0.34748	0.1027	0.04638	0.07371	0.19591	6.91307	-18.31607	0.123977010826863	0.15867	0.01772	0.19356	0.1076	0.17552	-0.04156	0.35109	0.1051	0.04808	0.12544	0.19036	7.71762	-18.68023
"stick"	9	0.166465342603624	0.0258758784621023	0.11917746672517	1.36817598468402	0.11617	0.12631	0.11324	0.11867	0.12922	0.10846	0.12716	0.12579	0.10758	0.921	0.02076	69.76161	-7.16299	0.136855149176413	0.13023	0.14176	0.13032	0.13415	0.14904	0.13164	0.15201	0.14014	0.12242	0.83831	0.0297	59.73466	-16.15171	0.150202252028975	0.1448	0.15764	0.14274	0.14864	0.16328	0.14032	0.16323	0.15631	0.13485	0.90293	0.02301	66.87789	-9.71872
"stick"	9	0.360634472104721	0.216913229436614	0.0688275349460031	5.25705769598048	0.07857	0.08373	0.06316	0.05308	0.09662	0.08847	0.03371	0.05971	0.06239	0.42182	0.23112	2.28514	-12.23397	0.289735489235589	0.28958	0.35593	0.24445	0.1968	0.41635	0.42812	0.14757	0.27073	0.2581	0.35902	0.24334	0.84158	-14.81299	0.345117575073707	0.38349	0.42193	0.31119	0.25943	0.4883	0.45678	0.16983	0.30451	0.31061	0.41849	0.23178	2.2049	-12.73152
"stick"	9	0.429074877174571	0.246570480463561	0.350933712219499	1.01396451480402	0.52269	0.65451	0.62616	0.12547	0.23936	0.50099	-0.26573	0.35108	0.40388	0.19146	0.21948	3.73198	-18.23006	0.217414703182143	0.23104	0.35651	0.41149	0.1552	0.14332	0.31392	-0.01389	0.1562	0.20294	-0.21245	0.26876	-1.94033	-27.48863	0.255962484503185	0.28327	0.44007	0.48154	0.17566	0.17032	0.36613	-0.04493	0.18392	0.24768	-0.00767	0.24502	0.64971	-23.26736
"stick"	9	0.338212412048597	0.178662824735511	0.165465819290849	1.69000787139715	0.21449	0.19261	0.20446	0.17385	0.19466	0.1377	0.16816	0.03242	0.17084	0.28918	0.20983	4.98999	-13.26312	0.188405195638098	0.23941	0.19961	0.27638	0.19027	0.18875	0.15946	0.19008	0.05234	0.19935	0.07982	0.23874	1.37586	-14.91033	0.230195035004078	0.29513	0.25541	0.3139	0.23784	0.24685	0.19292	0.23466	0.05451	0.24055	0.22853	0.2186	3.84362	-14.34862
"stick"	9	0.209174596064258	0.142278407991398	0.33057226873237	0.728658977390937	0.31643	0.28427	0.31588	0.39863	0.5702	0.26691	0.27119	0.28316	0.26849	0.45863	0.09794	26.32597	-15.99429	0.16735294791968	0.15255	0.15911	0.17699	0.17944	0.30083	0.15387	0.16314	0.12539	0.09485	0.13915	0.1235	19.83264	-21.35265	0.187434763106612	0.17441	0.17647	0.19395	0.20589	0.33461	0.16652	0.17467	0.14696	0.11344	0.28319	0.11269	22.39621	-18.90728
"stick"	9	0.375783050397877	0.0419766167760827	0.373969921322312	0.972841796555536	0.36903	0.36851	0.34239	0.38519	0.36349	0.37683	0.33169	0.41844	0.41016	0.91285	0.03471	55.36733	-4.01366	0.229749525090212	0.21288	0.21232	0.21449	0.21736	0.22193	0.25711	0.23604	0.24081	0.25479	-0.00742	0.11802	21.10197	-40.77139	0.272468223449778	0.25874	0.25972	0.25151	0.26711	0.26413	0.29238	0.26544	0.2934	0.29978	0.54285	0.07951	32.16387	-24.69402
"stick"	9	0.377350302529521	0.0194042664952576	0.3925376465511	0.961649882838922	0.39379	0.39297	0.38999	0.39951	0.39634	0.38909	0.38512	0.40524	0.38078	0.96899	0.01991	70.93372	-3.91445	0.236423523561674	0.2234	0.21279	0.24282	0.22183	0.23227	0.26263	0.26026	0.23041	0.2414	-0.08977	0.11803	21.10165	-55.31605	0.28080825678082	0.27192	0.26336	0.28447	0.27293	0.2787	0.29832	0.29556	0.28038	0.28164	0.54098	0.0766	33.20659	-37.02634
"stick"	9	0.284875944512896	0.224633791774977	0.35706558366124	0.922765966140456	0.4179	0.34551	0.77138	0.01895	0.49667	0.46262	0.32591	0.13167	0.24297	0.28329	0.21706	4.04231	-14.86139	0.208339568108391	0.20286	0.2165	0.50197	0.06442	0.31924	0.31572	0.17598	0.0529	0.02547	-0.04185	0.2617	-1.1949	-23.96686	0.238103927955322	0.24963	0.241	0.56673	0.05425	0.34105	0.35156	0.20114	0.06024	0.07735	0.09756	0.24356	0.81625	-20.08682
"stick"	9	0.495572261640336	0.184767685714178	0.200788554662378	2.1476990591736	0.14982	0.20514	0.21782	0.18372	0.26115	0.24763	0.23892	0.09502	0.20787	0.68182	0.12605	19.25902	-6.53084	0.298401322080758	0.21982	0.27369	0.34762	0.24844	0.37591	0.38842	0.38707	0.14815	0.29649	0.34431	0.18095	9.13634	-14.89155	0.369044471446963	0.2754	0.36071	0.416	0.32425	0.47361	0.46473	0.45594	0.17944	0.37131	0.61432	0.13878	16.56592	-8.15897
"stick"	9	0.16069644378731	0.0489673559204675	0.418313618747354	0.513329723337375	0.411	0.41504	0.43872	0.4886	0.44734	0.33597	0.4667	0.40775	0.35371	0.43357	0.07773	32.79554	-9.06806	0.159571095044883	0.15019	0.14608	0.17636	0.18058	0.1761	0.12846	0.20758	0.14191	0.12887	0.65396	0.06076	39.69484	-8.31526	0.172369755036973	0.16406	0.16074	0.18806	0.19714	0.18897	0.13858	0.21635	0.1573	0.14013	0.62071	0.06361	38.41041	-7.80187
"stick"	9	0.468277060100809	0.229955441609491	0.363574922119248	1.13391991637363	0.36755	0.55414	0.24519	0.55879	0.42996	0.16609	-0.02185	0.5089	0.46342	0.28094	0.21328	4.53348	-14.63859	0.205020848810407	0.29214	0.25135	0.14106	0.30868	0.24784	0.16847	0.00033	0.19596	0.23935	-1.01392	0.35694	-9.88501	-44.98666	0.252739524801508	0.34347	0.31758	0.16041	0.40201	0.31704	0.18273	-0.00626	0.26184	0.29584	-0.50831	0.3089	-5.8377	-33.87259
"stick"	9	0.417118658602703	0.216282415145542	0.409658092385826	1.18160183445959	0.49299	0.47393	0.53414	0.39376	0.46516	0.25227	0.38322	0.35339	0.33806	0.24117	0.18722	8.18312	-6.65146	0.249001767644694	0.28943	0.25491	0.36904	0.21539	0.29379	0.17471	0.31321	0.16241	0.1681	-1.10187	0.31159	-6.08017	-26.06844	0.310411699684093	0.37188	0.33554	0.44982	0.28326	0.36752	0.1991	0.363	0.21472	0.20886	-0.45224	0.259	-0.90411	-16.3761
"stick"	9	0.0644487025798298	0.19694656948559	0.0457716616158711	2.56294509925904	-0.04551	0.05601	0.08261	-0.02505	0.1181	0.09072	0.09685	0.00617	0.03205	0.42278	0.15618	13.25851	-19.25578	0.115901544232821	-0.08887	0.13224	0.22469	-0.05811	0.288	0.23424	0.21724	0.01952	0.07417	0.38641	0.16103	12.40311	-18.10358	0.116529388040044	-0.10677	0.13937	0.21449	-0.06155	0.29697	0.23169	0.23825	0.01745	0.07887	0.41937	0.15664	13.17612	-18.56215
"stick"	9	0.14250435695285	0.0833909573266283	0.323449297129634	0.468776507256765	0.48568	0.27343	0.31168	0.34189	0.22229	0.16488	0.08063	0.53561	0.49496	0.36086	0.06388	38.29186	-15.42993	0.102550574362229	0.15946	0.08642	0.11482	0.07297	0.06444	0.06463	0.05105	0.13376	0.17541	-0.35741	0.09309	27.74699	-29.03714	0.111282824254178	0.17447	0.09484	0.1223	0.08207	0.07118	0.0678	0.05024	0.15034	0.1883	-0.15271	0.08578	30.03544	-25.89586
"stick"	9	0.347427719784901	0.0641885150107555	0.410539644972863	0.823924027324505	0.46485	0.38407	0.54278	0.46278	0.40651	0.38542	0.24918	0.41639	0.38287	0.70441	0.0657	37.50552	-7.67369	0.203695993002207	0.22362	0.18094	0.28098	0.20999	0.17482	0.1965	0.15823	0.1954	0.21278	-0.27246	0.13631	17.06946	-34.90141	0.238953416564755	0.26733	0.21746	0.32523	0.25547	0.21194	0.2239	0.17246	0.23411	0.24268	0.22136	0.10663	23.94562	-24.9909
"stick"	9	0.381219374155626	0.156007527024485	0.0405230707866568	8.11474412399244	0.04026	0.03629	0.0463	0.04202	0.03324	0.02825	0.0496	0.04438	0.04438	0.7876	0.08	31.98979	-8.13442	0.273237141269617	0.25812	0.22806	0.31504	0.27287	0.22063	0.19606	0.36364	0.29638	0.30832	0.7172	0.09231	27.98251	-17.98599	0.320880947641102	0.31656	0.28457	0.36707	0.33099	0.26259	0.22453	0.39746	0.35115	0.353	0.78632	0.08024	31.90599	-9.57205
"stick"	9	0.0678216402418911	0.131039056752343	0.0242748410184851	2.29371821053335	0.04162	0.03918	-0.05649	0.04376	0.07372	0.03601	0.01684	0.01355	0.01029	0.25898	0.11628	21.5177	-15.93006	0.0520569430710005	0.08449	0.08435	-0.10865	0.08851	0.1517	0.07633	0.0317	0.03068	0.02941	0.25163	0.11686	21.37938	-13.92881	0.054463614288215	0.09164	0.08819	-0.12128	0.09587	0.16259	0.08033	0.03599	0.03083	0.02602	0.25789	0.11637	21.49706	-15.1591
"stick"	9	0.244505477987696	0.0749903373653069	0.366170088265314	0.713104879202718	0.46256	0.41263	0.29912	0.2731	0.3859	0.37045	0.33363	0.3803	0.37783	0.77459	0.04694	46.91683	-8.09554	0.174676254577019	0.22069	0.18263	0.16235	0.10827	0.1782	0.18981	0.16393	0.16907	0.19711	0.22451	0.08707	29.61912	-30.32602	0.197787477678053	0.2515	0.21224	0.17796	0.12902	0.20422	0.20936	0.18205	0.19557	0.21818	0.5011	0.06984	35.79421	-22.25818
"stick"	9	0.138971379003488	0.116822524694726	0.204301692456191	0.678917889249767	0.22604	0.30139	0.35509	0.04911	0.02034	0.25165	0.11199	0.35504	0.16806	0.36841	0.11182	22.61436	-16.94161	0.112609038046179	0.1468	0.17309	0.21647	0.00748	-0.01078	0.16841	0.01713	0.18438	0.1105	0.20596	0.12538	19.40975	-19.338	0.118537880586074	0.14797	0.17935	0.22091	0.0149	-0.00847	0.16818	0.03352	0.19927	0.11121	0.28989	0.11857	20.97388	-18.56958
"stick"	9	0.413913475512527	0.0673871476319619	0.345806578967168	1.07680626813175	0.42099	0.35302	0.32397	0.39886	0.34134	0.2981	0.34839	0.33586	0.29173	0.8709	0.05047	44.88818	-9.11188	0.234476554207028	0.28426	0.22374	0.21956	0.25717	0.24579	0.20581	0.24717	0.22292	0.20385	0.18957	0.12645	19.17009	-39.77268	0.281294553817008	0.34432	0.27698	0.2617	0.31672	0.29088	0.24126	0.28754	0.27131	0.24093	0.61347	0.08733	29.53521	-22.54363
"stick"	9	0.137320966552943	0.057017964834813	0.275735770456279	0.588885521670239	0.21125	0.238	0.35656	0.26791	0.3114	0.31799	0.33674	0.20856	0.23321	0.65803	0.03876	52.28317	-13.65611	0.124785556597792	0.08917	0.10602	0.16108	0.11207	0.13637	0.1589	0.16556	0.09138	0.1025	0.44031	0.04958	45.38583	-23.88502	0.135078569188881	0.09811	0.11576	0.1741	0.12409	0.14871	0.16757	0.17535	0.10014	0.11188	0.54717	0.0446	48.35197	-21.17698
"stick"	9	0.409388662979472	0.0330335323815234	0.374470378123038	1.06762068716745	0.36243	0.33555	0.38295	0.39333	0.36089	0.38349	0.39509	0.38126	0.37525	0.93746	0.03059	58.90404	-2.92855	0.253625536962557	0.23413	0.20307	0.26583	0.23883	0.24087	0.28777	0.29919	0.24337	0.26956	-0.04591	0.12512	19.46742	-47.02434	0.303457599298292	0.28667	0.25402	0.31447	0.29906	0.29032	0.32968	0.34206	0.29893	0.31591	0.57022	0.0802	31.91847	-29.41483
"stick"	9	0.464187987928744	0.224965280969627	0.350525466566184	1.26130652536746	0.39082	0.20213	0.57262	0.4113	0.45588	0.10034	0.34016	0.35173	0.32975	0.33737	0.22409	3.15012	-13.53704	0.252151869893162	0.32587	0.10409	0.44624	0.34477	0.27977	-0.01043	0.30947	0.17762	0.29197	-0.37941	0.32331	-7.11458	-26.75322	0.307611697471256	0.38277	0.1405	0.54555	0.40723	0.34793	0.01846	0.35541	0.22886	0.3418	-0.04525	0.28144	-3.23101	-20.42608
"stick"	9	0.155883317464031	0.188348155643325	0.217776567479667	1.09234399749319	0.32734	0.27398	0.09369	0.3049	0.20307	0.32938	0.07911	0.23267	0.11585	0.1777	0.2143	4.40067	-13.91773	0.168413563120705	0.23153	0.13537	0.06971	0.23979	0.19929	0.24961	0.09589	0.20544	0.08908	0.3393	0.19209	7.46397	-12.33921	0.190892810230321	0.26252	0.1832	0.08273	0.27538	0.20798	0.28601	0.09119	0.22366	0.10536	0.32814	0.19371	7.22937	-12.22748
"stick"	9	0.44154177053133	0.123990642488934	0.356691150068134	1.22478461868849	0.36193	0.32492	0.32969	0.23577	0.42102	0.42041	0.35502	0.40391	0.35755	0.70992	0.08719	29.58105	-9.93454	0.290360703922045	0.27351	0.21149	0.27789	0.16617	0.32968	0.40081	0.3218	0.3099	0.32198	0.12722	0.15123	14.15972	-26.65904	0.345957395652437	0.33593	0.27505	0.32668	0.20908	0.4	0.45069	0.3665	0.37921	0.37048	0.50334	0.11408	22.05257	-20.59074
"stick"	9	0.305499217449687	0.00898416765267029	0.343562062991835	0.908987484098372	0.34538	0.3361	0.32888	0.34728	0.34583	0.34022	0.35211	0.34224	0.35403	0.99651	0.00583	105.31409	-7.18406	0.209670663063618	0.20007	0.18758	0.20559	0.19563	0.20759	0.22902	0.23811	0.20073	0.22272	0.27818	0.08389	30.65909	-82.98024	0.243230077074372	0.23709	0.22533	0.23601	0.23445	0.24249	0.25568	0.26559	0.23706	0.25538	0.71273	0.05293	43.55777	-61.07025
"stick"	9	0.164447292021941	0.127063404361252	0.213246511832999	0.797719933925967	0.1906	0.18681	0.31365	0.35083	0.28976	-0.13799	0.37275	0.29481	0.05799	0.36867	0.13195	17.97814	-11.32721	0.116643793392381	0.11376	0.11029	0.12602	0.21313	0.20076	-0.05366	0.22496	0.12409	-0.00955	0.14275	0.15376	13.69545	-16.98003	0.129779641401765	0.12566	0.12025	0.14873	0.23345	0.21028	-0.06913	0.24731	0.14672	0.00475	0.23938	0.14484	15.3698	-14.78167
"stick"	9	0.173606539494358	0.04686676786514	0.411547426882901	0.477115043037442	0.40839	0.44709	0.37946	0.38463	0.36423	0.41521	0.45214	0.45818	0.3946	0.67931	0.03676	53.76492	-4.68695	0.130385891180061	0.11847	0.13351	0.12811	0.10083	0.11076	0.15418	0.15981	0.13313	0.13469	-0.08121	0.06749	36.74971	-24.29707	0.143215912729108	0.1325	0.14949	0.13887	0.11507	0.1226	0.16405	0.17154	0.14897	0.14586	0.21325	0.05757	41.20076	-18.28821
"stick"	9	0.416380871541332	0.121844996523578	0.369700952117322	1.0739500594617	0.32448	0.27089	0.36043	0.33209	0.35014	0.52882	0.30401	0.44743	0.40902	0.69225	0.084	30.62561	-8.52293	0.255689776993954	0.18412	0.18078	0.22973	0.20933	0.22472	0.42616	0.25061	0.30373	0.29205	0.04101	0.14827	14.7134	-28.3633	0.303446272177319	0.23132	0.21978	0.27829	0.25829	0.27307	0.48129	0.28004	0.36592	0.34302	0.42764	0.11455	21.93887	-17.37768
"stick"	9	0.176196919521317	0.0110125779756345	0.163530081615091	1.07263380879232	0.16492	0.1741	0.16842	0.15663	0.15902	0.17051	0.15568	0.16008	0.16241	0.98572	0.00846	94.91047	-4.48627	0.142863897563918	0.14029	0.14724	0.15173	0.13069	0.13712	0.15706	0.14261	0.13503	0.14401	0.84895	0.0275	61.88967	-33.69549	0.157106100166916	0.15627	0.16457	0.16463	0.14687	0.15168	0.16848	0.15329	0.15092	0.15725	0.9466	0.01635	76.4458	-19.53957
"stick"	9	0.131580138835125	0.0807529172743671	0.303686556255477	0.587038236308378	0.25598	0.46625	0.21244	0.20294	0.29546	0.33781	0.27987	0.24563	0.43682	0.44409	0.09196	28.08971	-4.87484	0.135254600254931	0.10927	0.22216	0.09334	0.06932	0.12534	0.18131	0.12632	0.11691	0.17331	0.60204	0.0778	32.76916	-6.62857	0.145805671464015	0.11972	0.23574	0.10179	0.08011	0.13716	0.18642	0.1359	0.12407	0.19134	0.58423	0.07953	32.15642	-5.60367
"stick"	9	0.0968338364036754	0.111971279024146	0.114043845064431	0.752471609912531	0.23206	0.17301	0.024	0.08638	0.07993	0.02503	0.04908	0.14178	0.21513	0.29282	0.10423	24.58247	-10.81246	0.0621515079210029	0.13483	0.09156	0.01488	0.04743	0.04312	0.01942	0.02177	0.07022	0.11612	0.20045	0.11083	22.86372	-11.42608	0.0696825008079984	0.14763	0.104	0.0158	0.05374	0.04868	0.01926	0.02603	0.08172	0.13029	0.2517	0.10722	23.79129	-10.98115
"stick"	9	0.413225088454783	0.131845364754554	0.417169288504208	1.18513958041429	0.46518	0.42445	0.39702	0.39519	0.41175	0.43233	0.44056	0.36794	0.42009	0.41496	0.16936	10.98956	-5.27089	0.322047240495631	0.33029	0.23943	0.34204	0.29834	0.25431	0.34088	0.42305	0.28318	0.3869	0.5246	0.15267	13.89477	-14.57748	0.382102632376942	0.4074	0.31942	0.39366	0.36188	0.32089	0.39931	0.46374	0.33927	0.43335	0.58191	0.14317	15.69325	-9.38433
"stick"	9	0.17249425140908	0.207066468021367	0.197343174566112	0.734279106522473	-0.02391	0.11899	-0.22636	0.46313	0.33443	0.17648	0.48418	0.35672	0.09243	-0.33581	0.15056	14.28425	-20.82336	0.105350347883867	0.02363	0.07264	-0.04777	0.17062	0.16512	0.10772	0.26192	0.11716	0.07713	-0.88255	0.17874	9.48098	-27.72661	0.114514392392147	0.01784	0.07932	-0.0715	0.20139	0.18672	0.11451	0.28842	0.1352	0.07873	-0.69297	0.1695	10.96698	-24.83452
"stick"	9	0.104460735979956	0.0449642577441409	0.0922859668010892	1.16986858692322	0.10325	0.07864	0.08326	0.08459	0.10569	0.08664	0.09112	0.10311	0.09428	0.77875	0.02621	63.23129	-8.61868	0.0950730334130564	0.10347	0.07897	0.08437	0.08606	0.10946	0.09026	0.09866	0.10591	0.0985	0.74294	0.02826	61.13075	-13.54904	0.101354503941083	0.11183	0.08529	0.09061	0.09239	0.11645	0.09557	0.10264	0.11313	0.10427	0.76981	0.02674	62.67663	-10.69375
"stick"	9	0.329157687223051	0.00129142962396145	0.329820702469132	0.998791228623291	0.3289	0.33067	0.32959	0.32922	0.33061	0.32947	0.32892	0.33037	0.33064	0.99993	9e-04	157.49651	-6.78821	0.221834376889482	0.21002	0.20542	0.22859	0.20442	0.21838	0.24483	0.24439	0.21124	0.22921	0.31033	0.08815	29.27393	-130.7291	0.259417725818705	0.25114	0.24855	0.26396	0.24738	0.25736	0.27482	0.27434	0.25251	0.26471	0.74768	0.05332	43.35099	-108.76324
"stick"	9	0.0503269964829087	0.204121736926027	0.0652758005159405	0.864937403558608	0.16431	0.02448	0.00346	0.14545	-0.05427	0.32838	-0.15237	0.2126	-0.08457	0.08006	0.28555	-3.63646	-14.37241	-0.0192963045359423	0.05858	-0.01183	-0.02192	0.03702	-0.09035	0.03361	-0.19495	0.11277	-0.0966	0.11831	0.27955	-3.04201	-15.648	0.0105741153145639	0.06616	0.01065	-0.01178	0.07008	-0.05835	0.12738	-0.15991	0.13294	-0.08201	0.14697	0.27497	-2.57933	-14.0408
"stick"	9	0.27401570242364	0.201570176403038	0.0201518050034856	5.60178099261487	-0.00333	0.0573	0.02191	0.0151	-0.00445	0.02232	0.00841	0.03881	0.0253	-0.82899	0.25809	-0.80614	-24.67945	0.10473272256438	0.00679	0.25453	0.11229	0.07541	0.00365	0.10751	0.05915	0.18309	0.14016	-0.92128	0.26453	-1.49534	-29.2513	0.111995734409897	-0.01222	0.30715	0.12084	0.08357	-0.01759	0.12161	0.05076	0.21103	0.14282	-0.83327	0.2584	-0.83887	-25.18609
"stick"	9	0.148642102780286	0.0420768068288453	0.392643317163785	0.472778027962149	0.46467	0.3682	0.37467	0.33943	0.37666	0.48543	0.33063	0.41792	0.37618	0.68477	0.04459	48.35873	-14.12047	0.132704916698531	0.149	0.12583	0.13466	0.10333	0.11381	0.18146	0.10753	0.1415	0.13722	0.8478	0.03098	58.55193	-12.73759	0.143993125362668	0.16373	0.13683	0.14419	0.11479	0.12674	0.19236	0.11713	0.15389	0.14628	0.85059	0.0307	58.81074	-9.70719
"stick"	9	0.102740372251719	0.194371789984871	0.0368435208749587	2.65252089070932	0.00505	0.07759	0.1272	-0.00309	-0.03579	0.05666	0.01683	0.04259	0.04455	0.17244	0.20025	6.29891	-14.18733	0.0827848106844064	0.0095	0.19719	0.32618	-0.02289	-0.10081	0.09956	0.03564	0.10008	0.1006	0.16388	0.20128	6.15497	-12.72373	0.0926151050734337	0.01206	0.2026	0.33265	-0.01284	-0.09795	0.13677	0.04191	0.10746	0.11086	0.17181	0.20033	6.28835	-13.69437
"stick"	9	0.480524544464424	0.0430965019622818	0.439467901996304	1.07192588266506	0.39314	0.46189	0.39907	0.46278	0.45205	0.47432	0.46672	0.45111	0.39413	0.93952	0.03255	57.16936	-4.25838	0.276506996067978	0.21952	0.25447	0.2601	0.26801	0.28102	0.34768	0.34126	0.26274	0.25375	-0.57393	0.16605	11.54323	-54.9108	0.337494443552608	0.27885	0.32697	0.31232	0.34085	0.34612	0.40173	0.39436	0.3309	0.30536	0.33015	0.10832	23.50308	-35.38802
"stick"	9	0.0572534641018137	0.130008626554627	0.172821583809096	0.513360206476812	0.12765	0.27864	0.00389	0.22379	0.0133	0.07087	0.22436	0.36707	0.24582	0.02201	0.14363	15.60481	-13.12111	0.0670972307053314	0.01957	0.09316	0.00443	0.10152	-0.01633	0.02529	0.10074	0.15905	0.11644	0.10646	0.13729	16.86918	-13.3694	0.0721280668534709	0.02845	0.10306	0.00398	0.10361	-0.00935	0.02795	0.10513	0.16759	0.11872	0.09355	0.13827	16.66827	-13.1586
"stick"	9	0.263762347737793	0.133629102492705	0.030399555133579	8.04894899124888	0.01991	0.02037	0.0282	0.02974	0.01027	0.03568	0.05247	0.04453	0.03242	0.51626	0.12529	19.42916	-9.30916	0.215066128209678	0.12309	0.12899	0.19531	0.20137	0.07538	0.25551	0.40343	0.31753	0.235	0.49098	0.12852	18.71604	-11.79619	0.240490539028774	0.15484	0.15852	0.22252	0.23384	0.08171	0.28259	0.41981	0.35297	0.25763	0.51575	0.12536	19.41435	-9.62718
"stick"	9	0.0688722086022608	0.24624163628323	-0.0300034002799447	1.23682634576603	-0.00308	-0.07245	0.08994	0.03504	-0.02563	-0.09701	-0.04439	-0.04043	-0.11201	-0.23237	0.23914	1.32996	-19.98719	-0.0500754651486714	-0.03332	-0.10004	0.08401	-0.00624	-0.05316	-0.08926	-0.07676	-0.05176	-0.12415	-0.31016	0.24657	0.47309	-15.13724	-0.0418284255241652	-0.01736	-0.09077	0.09664	0.02189	-0.0412	-0.10272	-0.06413	-0.04835	-0.13046	-0.24736	0.24059	1.16073	-16.08157
"stick"	9	0.428536749561317	0.0895332683576271	0.343661029310923	1.18043878676614	0.3519	0.40571	0.37393	0.316	0.37573	0.34946	0.26246	0.31062	0.34716	0.82489	0.06263	38.84558	-6.92804	0.256784242795642	0.2598	0.29627	0.29959	0.21589	0.26499	0.29865	0.20479	0.2197	0.25136	0.12043	0.14036	16.24958	-34.24519	0.310527338610377	0.31829	0.36567	0.35354	0.27161	0.32725	0.34192	0.23921	0.27238	0.30489	0.57574	0.09748	26.4567	-18.99913
"stick"	9	0.20850012548035	0.121347728243563	0.289861982143394	0.703204767608255	0.28733	0.38628	0.2406	0.13747	0.02854	0.55785	0.19111	0.40741	0.37218	0.54676	0.09735	26.49405	-8.19904	0.145539669001817	0.11836	0.19166	0.10514	0.06586	0.02073	0.31168	0.08227	0.21419	0.19997	0.37061	0.11472	21.89731	-14.06455	0.160922405430684	0.13612	0.21449	0.12133	0.07351	0.02014	0.33507	0.09496	0.23568	0.217	0.45111	0.10713	23.81324	-11.97881
"mult"	9	0.169370574469212	0.234960730536841	0.183767219655072	1.24022509667539	0.1319	0.31374	0.37312	-0.01991	-0.13144	0.24359	0.13907	0.24924	0.35459	0.10496	0.27155	-2.22909	-19.95962	0.212115480930178	-0.04482	0.31726	0.38091	0.04338	-0.03191	0.34681	0.28135	0.25779	0.35825	-0.13263	0.30547	-5.52502	-19.50992	0.212360923081362	0.02272	0.33507	0.41547	0.02003	-0.06785	0.31065	0.22672	0.25656	0.39187	0.02804	0.28298	-3.38331	-21.55669
"mult"	9	0.0882822022074834	0.0106797136832029	0.359080742212551	0.33176697400568	0.35699	0.36069	0.33917	0.37135	0.36152	0.37286	0.33785	0.36	0.37129	0.76281	0.02345	66.35456	-21.54776	0.0902003844620549	0.08635	0.08822	0.08815	0.08819	0.08818	0.09663	0.09142	0.08844	0.09623	0.95428	0.01029	89.40287	-6.1759	0.0952866307358339	0.09195	0.09388	0.09253	0.09429	0.09367	0.10117	0.09514	0.09391	0.10105	0.94147	0.01165	85.94586	-5.97295
"mult"	9	0.200155148992781	0.174477718304843	0.171123090452574	1.09797782269906	0.19293	0.11307	0.14186	0.40232	0.42592	-0.07055	0.23553	0.10803	-0.009	0.14356	0.18357	8.73344	-16.07488	0.151182304133844	0.16856	0.08151	0.14579	0.32506	0.33639	-0.00674	0.2163	0.04553	0.04824	-0.06803	0.205	5.64243	-21.43429	0.166824183230429	0.18702	0.09514	0.15354	0.37073	0.38441	-0.02711	0.235	0.06594	0.03675	0.05779	0.19255	7.3973	-18.70202
"mult"	9	0.379856817529071	0.189733462233562	0.480991199625906	1.46627763424473	0.44233	0.55456	0.59932	0.50014	0.29879	0.47493	0.43946	0.47814	0.54126	0.38923	0.2828	-3.3663	-6.78105	0.450558194252451	0.44156	0.5556	0.69079	0.35826	0.13054	0.33526	0.42958	0.43853	0.6749	0.52014	0.25067	0.01082	-17.88468	0.541304944343778	0.52869	0.65654	0.7499	0.48939	0.23507	0.44981	0.51368	0.5273	0.72137	0.60032	0.22877	2.57066	-11.87328
"mult"	9	0.458729428867809	0.192785921681207	0.5013617977365	1.74403820562998	0.39343	0.46248	0.62179	0.55297	0.5541	0.45821	0.33505	0.49666	0.63756	0.30928	0.35718	-9.90381	-13.74651	0.551978601793854	0.43335	0.40348	0.70235	0.55113	0.53036	0.61046	0.4473	0.5345	0.75487	0.67711	0.24421	0.74198	-9.38046	0.684578501647488	0.54375	0.57307	0.85698	0.71771	0.69594	0.70508	0.50665	0.67287	0.88917	0.5845	0.27703	-2.78827	-8.95616
"mult"	9	0.229493910598103	0.047956190072	0.250318118329339	1.13178027793161	0.26266	0.25102	0.27092	0.2855	0.21052	0.22467	0.26783	0.25177	0.22797	0.89267	0.03726	53.38442	-7.92447	0.204162933406417	0.20691	0.19065	0.23242	0.22338	0.16966	0.19007	0.23453	0.19708	0.19277	0.55848	0.07557	33.58414	-29.96256	0.235999600105144	0.24335	0.22752	0.26344	0.2641	0.19712	0.21491	0.2622	0.23217	0.21918	0.78798	0.05237	43.85412	-16.27352
"mult"	9	0.431670927768573	0.00444459222489968	0.640445745211147	1.26050682567044	0.66703	0.67754	0.62297	0.67626	0.64549	0.59154	0.5921	0.66775	0.62333	0.40606	0.22905	2.53663	-104.38216	0.430836727833799	0.43188	0.43308	0.42916	0.43261	0.42951	0.42928	0.43147	0.43302	0.42754	0.99983	0.00384	117.01928	-6.87949	0.550588545723693	0.56511	0.57271	0.54011	0.57197	0.55272	0.52277	0.52486	0.56631	0.53874	0.90435	0.09192	28.10242	-84.04126
"mult"	9	0.242348059511278	0.186424390354659	0.266974288705189	1.02949878440684	0.24324	0.29267	0.29206	0.29432	0.36095	0.27955	0.27333	0.1798	0.18686	0.52874	0.10355	24.76541	-10.45032	0.190916915324828	0.16856	0.21516	0.18036	0.22241	0.28413	0.22305	0.19187	0.11836	0.11436	0.28381	0.12765	18.90599	-17.19825	0.220283623137749	0.19729	0.24806	0.21822	0.25413	0.31727	0.2475	0.22171	0.14067	0.13769	0.42804	0.11408	22.05414	-13.5127
"mult"	9	0.113678418938071	0.22801582183456	0.0684496365600716	2.36300086486385	0.04591	0.20555	0.10919	0.09543	0.05592	0.06524	-0.02836	0.08179	-0.01462	0.24621	0.23684	1.60004	-24.80227	0.157711248900158	0.1197	0.50016	0.20242	0.23916	0.12117	0.1462	-0.052	0.13617	0.00642	0.12177	0.25564	-0.53915	-20.2191	0.159945849916435	0.11248	0.48466	0.23635	0.22887	0.12851	0.15166	-0.05726	0.17061	-0.01638	0.23353	0.23883	1.36634	-26.1479
"mult"	9	0.427545787638519	0.190566062810831	0.405449147794835	1.63358261067907	0.49014	0.47753	0.32315	0.47336	0.55165	0.32335	0.34772	0.40743	0.25471	0.56075	0.23018	2.39834	-8.75864	0.378337179416752	0.42785	0.43	0.25625	0.53553	0.55428	0.26281	0.36634	0.36102	0.21097	0.64308	0.20749	5.30424	-14.14352	0.486641058689587	0.57042	0.56359	0.34994	0.65299	0.68871	0.3463	0.44682	0.4782	0.2828	0.70415	0.18891	7.93146	-9.66793
"mult"	9	0.178292036568746	0.0684025759110227	0.345964155629065	0.778987637849148	0.37114	0.42865	0.28144	0.29616	0.25935	0.37363	0.42931	0.33033	0.34366	0.53016	0.08814	29.2761	-4.77741	0.191190775304764	0.17515	0.20794	0.1709	0.15922	0.13337	0.22747	0.24883	0.1874	0.21044	0.73698	0.06595	37.39853	-5.63951	0.214354449826296	0.20468	0.24226	0.18701	0.18174	0.15375	0.24764	0.27312	0.20966	0.22934	0.7247	0.06747	36.75923	-4.14193
"mult"	9	0.373944513045717	0.0764683789457195	0.522974594739181	1.24891005903819	0.54294	0.51912	0.47437	0.54827	0.53453	0.56338	0.46483	0.56342	0.49591	0.43649	0.20112	6.17799	-11.31969	0.38172790982873	0.36892	0.34435	0.35096	0.40112	0.44257	0.39764	0.41737	0.37904	0.33358	0.84698	0.1048	24.42861	-5.92271	0.474054587523161	0.46933	0.44964	0.43238	0.50379	0.53069	0.48744	0.47981	0.48864	0.42477	0.78685	0.12369	19.78846	-4.27209
"mult"	9	0.0872423326130956	0.00663890410214663	0.371043369867818	0.315271844506779	0.38089	0.36522	0.33943	0.38517	0.37731	0.35177	0.36136	0.40259	0.37566	0.79924	0.02071	69.82537	-28.66305	0.0877884407082071	0.08765	0.08079	0.07994	0.08839	0.08839	0.08627	0.09226	0.09433	0.09206	0.98188	0.00622	103.49644	-5.5001	0.0926708870587562	0.09309	0.08645	0.08436	0.09402	0.0935	0.09023	0.09595	0.0999	0.09655	0.97354	0.00752	98.19789	-8.90351
"mult"	9	0.0555961044155993	0.225901369238272	-0.0999978535767954	0.853209587714132	-0.02684	-0.03154	-0.15599	0.2558	-0.16776	-0.43709	-0.45234	-0.02994	0.14572	0.40997	0.21798	3.92334	-7.07656	-0.116636136335216	-0.04971	-0.08494	-0.15477	0.16826	-0.16631	-0.30292	-0.36311	-0.13813	0.0419	0.25729	0.24456	0.70154	-7.40875	-0.102870521351562	-0.03727	-0.05355	-0.14216	0.17784	-0.15353	-0.32576	-0.36245	-0.10139	0.07246	0.35037	0.22872	2.5763	-6.76069
"mult"	9	0.242240597435739	0.123834328609519	0.0912810722203113	3.14634474710708	0.09482	0.1014	0.14437	0.07174	0.1307	0.06966	0.0776	0.07652	0.05473	0.75625	0.09444	27.34363	-10.57803	0.231288581931268	0.24466	0.25964	0.37599	0.18899	0.34619	0.17819	0.19882	0.18226	0.10686	0.68672	0.10707	23.83024	-17.56922	0.269542873343244	0.28225	0.30065	0.43081	0.21445	0.39089	0.20595	0.22951	0.2215	0.14987	0.74968	0.0957	26.97153	-12.63859
"mult"	9	0.205707873182837	0.231647991691716	0.284730855721031	1.06367083932134	0.1735	0.27223	0.26585	0.42723	0.2578	0.0648	0.51826	0.24399	0.33893	0.1297	0.23095	2.30554	-15.20004	0.202986044570338	0.05044	0.16952	0.23669	0.25954	0.17214	0.12311	0.42628	0.15372	0.23543	-0.15337	0.26587	-1.63692	-22.39524	0.233108398669234	0.07587	0.20448	0.25976	0.31718	0.20389	0.11417	0.46441	0.18309	0.27514	-0.02051	0.25008	0.07649	-19.20844
"mult"	9	0.289455751236528	0.0594485939946026	0.491258318495822	0.945868861885233	0.47111	0.51526	0.41121	0.54102	0.49577	0.489	0.45896	0.54904	0.48996	0.66398	0.0999	25.77141	-19.05843	0.285432749405217	0.25881	0.26885	0.22513	0.29521	0.30296	0.32097	0.31162	0.30453	0.28082	0.90368	0.05348	43.26389	-13.72741	0.339824402620639	0.31548	0.33333	0.27166	0.3617	0.35625	0.36485	0.35194	0.3691	0.33411	0.93738	0.04312	49.2934	-7.72146
"mult"	9	0.2109755573445	0.0431051116320305	0.428255015151277	0.767783224546207	0.44669	0.4484	0.35188	0.41907	0.42693	0.37625	0.48493	0.47688	0.42326	0.58047	0.09361	27.59245	-10.1763	0.220412181873929	0.20338	0.22991	0.18548	0.21387	0.20698	0.21304	0.25342	0.25916	0.21849	0.88369	0.04929	45.55284	-5.88305	0.251187991795903	0.2405	0.26432	0.20988	0.24629	0.24014	0.23516	0.28332	0.29253	0.24856	0.83714	0.05832	40.84044	-4.87256
"mult"	9	0.289965857937932	0.0814886708976701	0.49354179665606	0.975128373962353	0.5361	0.54056	0.46047	0.50186	0.49998	0.47775	0.52101	0.46608	0.43806	0.48364	0.14774	14.81384	-8.06712	0.288646039485858	0.31899	0.30349	0.27508	0.28405	0.30184	0.24774	0.33529	0.27461	0.25673	0.80514	0.09076	28.45715	-10.38746	0.345799772540012	0.38028	0.37149	0.32704	0.34812	0.35767	0.30358	0.38657	0.33069	0.30677	0.78309	0.09576	26.95631	-5.24763
"mult"	9	0.177711087907664	0.0271186926984228	0.479992690850908	0.549058486717969	0.47797	0.46759	0.46488	0.50085	0.46519	0.48523	0.4506	0.50901	0.49862	0.6191	0.06157	39.32017	-21.16594	0.179502472113089	0.16894	0.16096	0.17614	0.17079	0.17708	0.20175	0.18593	0.18252	0.19142	0.94925	0.02248	67.5393	-8.08326	0.198652831879588	0.19004	0.18253	0.19375	0.1942	0.19576	0.21675	0.2002	0.20458	0.21005	0.9173	0.02869	60.70217	-10.27557
"mult"	9	0.372223535552621	0.221041843120474	0.466976023155489	1.35430368209311	0.38773	0.41635	0.58079	0.49384	0.29604	0.60678	0.59032	0.50923	0.3217	0.35501	0.25632	-0.61275	-12.88553	0.425375171509919	0.2447	0.32771	0.59525	0.40707	0.25465	0.64178	0.66992	0.35055	0.33676	0.50305	0.22499	3.03779	-19.98025	0.49737273258206	0.33466	0.40552	0.6677	0.49244	0.30738	0.70605	0.71581	0.4646	0.38219	0.55129	0.21379	4.4674	-16.78879
"mult"	9	0.0967800714191981	0.201457751449198	0.0690968658448584	1.44237996791961	0.06879	0.08045	0.08564	0.10667	-0.0135	0.13495	-0.09968	0.20782	0.05075	0.2139	0.23456	1.8711	-15.71851	0.106723294007392	0.098	0.18703	0.22901	0.11235	-0.16154	0.16593	-0.15285	0.34808	0.13451	-0.11776	0.2797	-3.05685	-21.04376	0.0943307262160476	0.0951	0.12991	0.14647	0.13003	-0.06341	0.18046	-0.14634	0.29644	0.08032	0.18453	0.2389	1.35762	-18.92553
"mult"	9	0.0749504518229514	0.123170836421195	0.105113960847192	0.800018787692193	0.11157	0.19874	0.00762	0.09783	0.10391	-0.04343	0.05779	0.18487	0.22712	0.28701	0.12671	19.11298	-16.00578	0.0629702914897992	0.08712	0.1237	-0.01512	0.07929	0.0844	-0.10864	0.03729	0.12188	0.15681	0.18946	0.1351	17.31772	-17.63592	0.0694796237327804	0.08521	0.13546	-0.00629	0.0751	0.08348	-0.08357	0.04037	0.12917	0.1664	0.25022	0.12994	18.40862	-17.20858
"mult"	9	0.0805778026115149	0.219527514360379	0.0269778336511919	3.88075483857507	0.02945	0.00642	0.09895	0.00314	-0.01696	0.00888	0.03333	-0.00159	0.08117	-0.21639	0.27658	-2.74305	-17.75515	0.0933956499504933	0.1115	0.01142	0.38668	0.02551	-0.0248	0.03476	0.09018	-0.03054	0.23585	-0.26304	0.28183	-3.26996	-21.11275	0.102012633369394	0.11314	0.02214	0.38275	0.01749	-0.05329	0.0345	0.1195	-0.01221	0.29409	-0.2197	0.27696	-2.78117	-18.30558
"mult"	9	0.485151187062729	0.202163190871943	0.536749947476869	1.73443328014431	0.58792	0.58265	0.48392	0.61371	0.62212	0.45224	0.5019	0.44961	0.53667	0.4298	0.31023	-5.95798	-8.48154	0.49746879519006	0.62627	0.52465	0.41599	0.54437	0.67091	0.42502	0.45319	0.3707	0.44613	0.85161	0.15826	12.88783	-11.73099	0.659903043893032	0.80722	0.71449	0.56614	0.74292	0.84235	0.54948	0.5859	0.52014	0.61049	0.78261	0.19156	7.54192	-3.7913
"mult"	9	0.358575814659707	0.125075172982179	0.427776626226821	1.37066295351055	0.42252	0.56367	0.39706	0.39097	0.4609	0.43906	0.40275	0.39329	0.37977	0.54171	0.17929	9.39506	-9.24963	0.3703596421608	0.30663	0.48496	0.39073	0.3397	0.35345	0.44746	0.38784	0.32264	0.29983	0.85449	0.10102	25.45672	-9.27202	0.453226119958007	0.40825	0.59827	0.45849	0.42048	0.44732	0.50899	0.45148	0.40673	0.37902	0.8009	0.11817	21.06677	-7.61175
"mult"	9	0.36678595073754	0.216805859468877	0.410592175301564	1.57325133782081	0.39296	0.45495	0.4446	0.45279	0.28265	0.22771	0.41786	0.51496	0.50684	0.46107	0.26233	-1.26225	-10.14026	0.381404772954693	0.32781	0.45486	0.46033	0.43289	0.27957	0.21471	0.43734	0.51348	0.31165	0.60457	0.22471	3.07231	-21.40198	0.482568465796525	0.43682	0.55836	0.5608	0.53002	0.34329	0.27605	0.52215	0.64188	0.47375	0.6456	0.21273	4.60611	-16.97556
"mult"	9	0.318573632091284	0.113720093329903	0.454843256791547	1.21474693245211	0.5026	0.3673	0.4933	0.52709	0.4815	0.44193	0.51817	0.41177	0.34994	0.42186	0.20217	6.03201	-4.8578	0.351807519843139	0.40089	0.22907	0.34948	0.44822	0.44089	0.314	0.44178	0.25401	0.28794	0.67895	0.15066	14.26703	-10.36544	0.418707256634888	0.4724	0.302	0.42537	0.52408	0.49749	0.38053	0.49961	0.32924	0.33764	0.65672	0.15578	13.32989	-5.07068
"mult"	9	0.350683289428707	0.232012295222376	0.346528698711247	1.72986312749766	0.40084	0.26691	0.31253	0.30821	0.34621	0.38678	0.49553	0.26622	0.33554	0.26444	0.29284	-4.34301	-9.28577	0.390717435223372	0.36116	0.28914	0.42389	0.35774	0.3545	0.45193	0.52504	0.33852	0.41454	0.64406	0.20371	5.8193	-10.32287	0.47739385616851	0.47325	0.37038	0.48494	0.44244	0.46306	0.54376	0.63114	0.39805	0.48953	0.54349	0.2307	2.33535	-10.11352
"mult"	9	0.492610749381129	0.236192376178224	0.483441110078635	1.7451881291541	0.43641	0.46944	0.40727	0.50259	0.5587	0.41543	0.48711	0.52919	0.54483	0.60412	0.20053	6.26053	-10.55355	0.46628516248601	0.36402	0.39913	0.40056	0.43115	0.51819	0.51431	0.5593	0.48745	0.52246	0.71855	0.16908	11.037	-18.40861	0.615969112094623	0.51458	0.56417	0.52349	0.60589	0.69619	0.61242	0.68051	0.65899	0.68749	0.86925	0.11524	21.7706	-2.56745
"mult"	9	0.347582662513014	0.0498223053873517	0.552185807319657	1.07950883086615	0.54978	0.59513	0.54228	0.5719	0.58677	0.53288	0.53958	0.505	0.54635	0.52737	0.15274	13.88209	-32.29073	0.349162032454301	0.3304	0.35095	0.35134	0.33338	0.3597	0.37079	0.37123	0.30985	0.3648	0.9726	0.03678	53.74965	-6.69829	0.426647540401696	0.41439	0.44395	0.42282	0.42334	0.44472	0.43251	0.43446	0.38637	0.43726	0.92237	0.0619	39.17174	-15.97859
"mult"	9	0.144834051199723	0.060026588733308	0.312570828220302	0.623613571015121	0.30598	0.30133	0.23578	0.32531	0.3936	0.34792	0.22147	0.27766	0.40408	0.52034	0.0708	35.41113	-7.17375	0.144698890382516	0.14866	0.13379	0.11325	0.14643	0.17198	0.16487	0.1131	0.13739	0.17281	0.75551	0.05055	44.84543	-9.70475	0.158115340722347	0.16107	0.14875	0.12295	0.1624	0.18922	0.1785	0.1204	0.14831	0.19144	0.71692	0.05439	42.79408	-8.19875
"mult"	9	0.15132852694951	0.209697264421266	0.206180743613926	0.936586578493146	0.21467	0.07128	0.28265	0.18785	0.07438	0.05966	0.08594	0.44664	0.43256	0.36127	0.17694	9.7648	-11.82395	0.145604257638061	0.18964	0.03072	0.21611	0.10784	0.05438	-0.02179	0.05514	0.3107	0.36769	0.2468	0.19214	7.4571	-13.51571	0.160293926020596	0.19328	0.04173	0.23369	0.1182	0.05781	0.00934	0.0631	0.34337	0.38215	0.30618	0.18441	8.60676	-13.0105
"mult"	9	0.396109206764959	0.158797027659602	0.475538580105489	1.40108467872628	0.49953	0.46289	0.46823	0.48111	0.52997	0.37138	0.59167	0.42252	0.45255	0.53724	0.17824	9.55955	-5.84821	0.374069600608356	0.3856	0.30152	0.33448	0.36361	0.45659	0.34227	0.5115	0.33825	0.33281	0.62723	0.15997	12.58683	-14.81028	0.474798088537864	0.50008	0.41578	0.43365	0.47414	0.56425	0.40689	0.61658	0.43436	0.42745	0.76924	0.12586	19.30121	-6.82839
"mult"	9	0.071812934265472	0.211753411218524	0.0727918998259208	0.709192560691457	0.25937	-0.00613	-0.0096	0.49562	0.25311	-0.46777	0.0633	-0.19543	0.26265	0.06579	0.21477	4.3389	-18.80902	0.0545579498802093	0.17447	0.01545	-0.01735	0.1929	0.10709	-0.1261	0.04001	-0.07503	0.17957	0.21274	0.19716	6.73496	-15.05194	0.0590430307030723	0.17805	0.01968	-0.01528	0.23708	0.12416	-0.15688	0.04183	-0.08349	0.18624	0.2257	0.19553	6.96739	-15.63208
"mult"	9	0.0560244603198953	0.136551832430996	0.0782640179946723	0.524878099755369	0.44417	0.04412	-0.06802	0.11083	0.31672	0.24485	-0.49309	-0.27903	0.38383	0.34738	0.13578	17.17847	-18.24434	0.0568938704070544	0.19106	0.02455	-0.02293	0.10007	0.19329	0.09518	-0.15315	-0.10675	0.19073	0.46492	0.12294	19.95857	-28.64153	0.0521140281303157	0.19699	0.02338	-0.02723	0.08719	0.17869	0.10107	-0.17042	-0.11182	0.19117	0.48233	0.12093	20.42151	-26.57045
"mult"	9	0.410107614961453	0.245210090768524	0.458558410418798	1.46710608330748	0.45189	0.40499	0.52654	0.51038	0.54605	0.42882	0.29957	0.56237	0.39641	0.27632	0.31275	-6.18434	-9.46754	0.423434127540897	0.43925	0.33969	0.43972	0.51743	0.53391	0.32411	0.3369	0.49611	0.38378	0.61482	0.22817	2.64462	-3.82751	0.518018673959954	0.52978	0.44145	0.5555	0.61349	0.63497	0.43238	0.38213	0.61311	0.45936	0.52601	0.25311	-0.25998	-5.94103
"mult"	9	0.138122049765661	0.247586587269325	0.180635037867002	0.995595243583469	0.18318	0.06654	0.32217	0.29688	0.18372	0.00204	0.35731	0.08206	0.13182	0.18823	0.22076	3.56919	-16.17719	0.117851283158616	0.07886	-0.00394	0.19607	0.23308	0.14612	-0.07434	0.32253	0.05917	0.10312	0.02472	0.24197	1.00009	-23.15973	0.138170477829761	0.11704	0.01376	0.234	0.25568	0.15864	-0.05494	0.33363	0.07213	0.11359	0.11947	0.22992	2.43088	-19.95112
"mult"	9	0.485516070271842	0.217772749660071	0.428418823159765	1.9184106167764	0.42916	0.51863	0.2401	0.55248	0.45515	0.43436	0.43196	0.43139	0.36253	0.45689	0.30983	-5.92144	-4.26046	0.490161188121683	0.38779	0.55558	0.2305	0.62115	0.64692	0.63119	0.57208	0.53017	0.23608	0.63687	0.25334	-0.28586	-12.93115	0.631514282070575	0.56698	0.73188	0.32399	0.80065	0.75968	0.7343	0.6885	0.67198	0.40567	0.6707	0.24125	1.08329	-7.47174
"mult"	9	0.307032162661199	0.0462065798346885	0.534195501593356	0.918352489114099	0.61895	0.55147	0.57117	0.56593	0.51872	0.51351	0.47499	0.47359	0.51943	0.63602	0.11023	23.01414	-17.58176	0.285595648857082	0.34225	0.29726	0.34674	0.28068	0.27244	0.28563	0.23946	0.23688	0.26902	0.8927	0.05985	40.11488	-17.54404	0.342982628937175	0.41108	0.36077	0.40214	0.34763	0.32925	0.33306	0.28613	0.2921	0.32469	0.93432	0.04682	46.98729	-7.34488
"mult"	9	0.0550480247591622	0.000114909606054425	0.309056695349842	0.224675163891072	0.31577	0.31924	0.30486	0.31936	0.31181	0.29513	0.29491	0.31591	0.30452	0.87863	0.00972	91.00325	-122.74885	0.0550254510395464	0.05503	0.05505	0.05499	0.05508	0.05515	0.055	0.05495	0.05504	0.05494	0.99998	0.00011	215.7433	-6.19387	0.05697587648013	0.05719	0.05732	0.0568	0.05735	0.05717	0.05652	0.05647	0.0572	0.05676	0.99711	0.0015	143.33879	-75.13112
"mult"	9	0.30260279821232	0.0937367125879973	0.428293629189845	1.11244826751278	0.44619	0.46349	0.37263	0.47575	0.466	0.33633	0.3924	0.51055	0.3913	0.57545	0.14128	16.06578	-3.42863	0.306348596665297	0.34494	0.31846	0.27239	0.29775	0.36485	0.24402	0.29825	0.33122	0.28526	0.84581	0.08514	30.24528	-12.97511	0.365582376175385	0.40352	0.3883	0.32134	0.37471	0.42587	0.28748	0.34537	0.40724	0.33643	0.80454	0.09586	26.92507	-6.51211
"mult"	9	0.256317152001429	0.176613624149468	0.0535567721111623	5.55975093480985	0.05667	0.05899	0.03129	0.07664	0.04972	0.0467	0.05076	0.04781	0.06342	0.6269	0.12997	18.40191	-11.61071	0.242855608953374	0.25603	0.25545	0.10893	0.36394	0.2487	0.20959	0.23669	0.22299	0.28339	0.57194	0.13922	16.47816	-15.07112	0.286567921441196	0.30348	0.31289	0.16003	0.41398	0.27125	0.24925	0.27298	0.25715	0.3381	0.6248	0.13034	18.32356	-12.28177
"mult"	9	0.466175996407401	0.24257250118535	0.424045255752107	1.9635423360436	0.36166	0.41337	0.48011	0.4921	0.42587	0.3664	0.32161	0.53023	0.42506	0.30595	0.34724	-9.11344	-5.94915	0.459392266158635	0.41859	0.46647	0.51299	0.50609	0.5337	0.40185	0.45019	0.47839	0.36625	0.60225	0.26287	-1.31923	-11.48388	0.612697989748583	0.5512	0.62449	0.67138	0.69109	0.67623	0.52951	0.54148	0.6997	0.52922	0.60059	0.26341	-1.37758	-7.22935
"mult"	9	0.438105560396798	0.123546884802636	0.549511158655175	1.45802168965958	0.53227	0.62297	0.4668	0.56489	0.55974	0.54417	0.54521	0.60293	0.50662	0.43122	0.24792	0.32031	-17.14021	0.452652232738556	0.41265	0.49276	0.3647	0.43122	0.48753	0.50729	0.47172	0.46135	0.44464	0.91952	0.09325	27.69745	-5.26002	0.578720692741152	0.54628	0.64956	0.47372	0.5745	0.61286	0.60531	0.57974	0.61149	0.55504	0.81503	0.14138	16.04632	-7.18508
"mult"	9	0.343279452202842	0.124492285191081	0.445083505924576	1.27647405130665	0.49857	0.4875	0.3718	0.44789	0.44461	0.34772	0.40351	0.45615	0.54801	0.49767	0.18056	9.19738	-8.60327	0.361258359318784	0.39754	0.30911	0.31419	0.30435	0.35644	0.28473	0.39196	0.38661	0.50641	0.77361	0.12121	20.35516	-11.34524	0.437206131663371	0.4855	0.40813	0.37554	0.39452	0.43617	0.34081	0.44288	0.46596	0.58535	0.74422	0.12884	18.64655	-4.61639
"mult"	9	0.169025553122628	0.123600806575269	0.228745380133586	0.833990551445343	0.24079	0.25026	0.15164	0.30201	0.42179	0.23283	0.09378	0.24393	0.12169	0.43614	0.09877	26.08748	-11.00648	0.131775916232155	0.1477	0.13122	0.07342	0.17415	0.23556	0.15865	0.06291	0.12916	0.07322	0.12819	0.12282	19.98686	-17.89859	0.148883859701315	0.16575	0.15188	0.08522	0.19885	0.2684	0.17133	0.06769	0.14911	0.08172	0.28092	0.11154	22.68315	-14.94139
"mult"	9	0.353912622353528	0.152957572136074	0.280487475377904	1.73635962192631	0.31852	0.18703	0.21218	0.36786	0.31113	0.21651	0.29347	0.28216	0.33553	0.78406	0.10547	24.25176	-8.99725	0.316407924001473	0.36667	0.17125	0.23749	0.42131	0.36087	0.18504	0.39762	0.31581	0.39161	0.33389	0.18523	8.48153	-29.76911	0.39412799942299	0.45418	0.23455	0.2953	0.52736	0.44652	0.25637	0.45497	0.39812	0.47978	0.66312	0.13173	18.02559	-18.98221
"mult"	9	0.445238415512722	0.148062707623467	0.424605004644721	1.91319790734929	0.47184	0.46462	0.42699	0.36601	0.39651	0.50826	0.41938	0.42407	0.34376	0.31605	0.33207	-7.86266	-12.05503	0.5134967958217	0.49006	0.57867	0.60586	0.43359	0.47087	0.57319	0.54845	0.47282	0.44797	0.74306	0.20353	5.84376	-3.04748	0.646676099374336	0.65878	0.7289	0.71377	0.56512	0.6058	0.70923	0.657	0.63021	0.55129	0.58912	0.25738	-0.72858	-6.73854
"mult"	9	0.202902280562557	0.126918648427818	0.410258591169202	0.650637244814544	0.52009	0.30899	0.41037	0.27486	0.50289	0.20708	0.36734	0.40582	0.69489	0.47344	0.0924	27.95413	-11.61417	0.167199353000898	0.20272	0.12209	0.17605	0.08762	0.18253	0.10337	0.17889	0.1721	0.27941	-0.07898	0.13227	17.91051	-24.62438	0.188609109084986	0.23094	0.14021	0.19645	0.10305	0.2101	0.11162	0.19471	0.19538	0.31503	0.13429	0.11848	20.99369	-18.59466
"add"	9	0.138019158132374	0.0731596546829678	0.399550140130909	0.510603817089455	0.27938	0.36901	0.39544	0.39459	0.44676	0.422	0.38233	0.44317	0.46327	0.33412	0.07941	32.19824	-8.31137	0.148761703953036	0.10357	0.13512	0.15993	0.12671	0.14638	0.18238	0.16183	0.15344	0.1695	0.55643	0.06481	37.88597	-11.03055	0.161070026773546	0.11246	0.14733	0.16939	0.14267	0.16294	0.19116	0.17069	0.16908	0.18391	0.53941	0.06604	37.35866	-10.28368
"add"	9	0.452640098589472	0.113361855561379	0.440882541089264	1.4978333959506	0.40969	0.4317	0.43024	0.43333	0.46155	0.58959	0.35452	0.46975	0.38758	0.55437	0.187	8.21541	-9.13282	0.404977006201294	0.30663	0.36473	0.34755	0.36618	0.45616	0.63415	0.38714	0.43102	0.35124	0.7738	0.13323	17.70836	-8.52304	0.504593874070867	0.40984	0.47767	0.45064	0.47868	0.5595	0.73096	0.45016	0.54328	0.44062	0.78272	0.13058	18.27201	-4.34794
"add"	9	0.166872576111928	0.0173941151006147	0.43058328647436	0.50790595891339	0.42981	0.39747	0.47045	0.46828	0.48232	0.3591	0.37262	0.45737	0.43782	0.78782	0.03755	53.1691	-18.27753	0.148843108218502	0.14793	0.13239	0.16295	0.15429	0.16578	0.13246	0.14412	0.14723	0.15244	0.94627	0.01889	72.39842	-11.01752	0.164021977178407	0.16378	0.1479	0.17894	0.17268	0.18305	0.14307	0.15438	0.16525	0.16715	0.97423	0.01309	82.68206	-6.52762
"add"	9	0.398535414016806	0.196347687742673	0.372086008481391	1.40498907687023	0.36834	0.42119	0.22914	0.36203	0.36066	0.29191	0.57684	0.3569	0.38176	0.52057	0.1887	7.96232	-6.07114	0.33927053904222	0.25381	0.36697	0.21525	0.34182	0.34291	0.27416	0.56768	0.35394	0.33691	0.78604	0.12606	19.25762	-10.63658	0.410731153144605	0.33689	0.45861	0.25906	0.41365	0.41274	0.33037	0.65016	0.41943	0.41568	0.74045	0.13884	16.5537	-6.90323
"add"	9	0.164302402862813	0.123326856119093	0.111913006931212	1.84341327306862	0.08126	0.0956	0.15257	0.07092	0.04651	0.16906	0.05045	0.1463	0.19454	0.58847	0.0979	26.33536	-14.31733	0.178208312079092	0.14256	0.14761	0.24787	0.1039	0.07273	0.28585	0.05452	0.2217	0.32713	0.54616	0.10281	24.96521	-16.11684	0.194459610610528	0.14708	0.16338	0.26716	0.1189	0.0802	0.30161	0.07683	0.24884	0.34615	0.58101	0.09879	26.08391	-14.90356
"add"	9	0.38219104858581	0.200086798344273	0.174544490608458	2.18403151537025	0.20366	0.26177	0.15261	0.10439	0.17999	0.09717	0.18732	0.27864	0.10535	0.76911	0.1289	18.63412	-9.7504	0.266340886671424	0.31343	0.39465	0.23035	0.15793	0.28881	0.18045	0.25803	0.42575	0.14766	0.60547	0.1685	11.13324	-17.5495	0.328405902881092	0.38605	0.49201	0.28234	0.19702	0.34784	0.19958	0.33515	0.52907	0.18659	0.73741	0.13746	16.83292	-12.61268
"add"	9	0.348042049375363	0.0807160571566783	0.11490096782625	3.23886568465752	0.13081	0.12473	0.1173	0.12204	0.08871	0.10411	0.11729	0.11225	0.11687	0.94298	0.04125	50.53342	-3.09669	0.284181272490987	0.31461	0.29223	0.3011	0.28511	0.2174	0.2769	0.30252	0.26874	0.29902	0.74823	0.08669	29.74099	-23.97235	0.343902860693221	0.38888	0.36781	0.35524	0.35949	0.2648	0.31813	0.35444	0.3329	0.35345	0.92644	0.04686	46.96646	-6.70926
"add"	9	0.253858021681663	0.158101097680628	0.197651438296376	1.23282043581081	0.08944	0.16981	0.08724	0.36437	0.34717	0.14174	0.25024	0.26325	0.06561	0.74078	0.09095	28.39722	-6.74546	0.187226502473016	0.08838	0.14088	0.0693	0.35704	0.34084	0.12931	0.26504	0.2383	0.05595	0.64407	0.10658	23.95823	-13.52099	0.210796888145534	0.09869	0.1666	0.08358	0.399	0.37785	0.14528	0.28599	0.27432	0.06586	0.70841	0.09646	26.74988	-9.305
"add"	9	0.220035422581714	0.0849574260646477	0.107694140562368	2.1783200024327	0.16056	0.10492	0.09511	0.06406	0.11886	0.10138	0.07624	0.08963	0.15848	0.75242	0.06871	36.24987	-12.21554	0.196516903977604	0.29872	0.18636	0.18083	0.10306	0.20684	0.19431	0.13996	0.1624	0.29617	0.70414	0.07511	33.75552	-19.03998	0.219775834188372	0.33111	0.21222	0.19729	0.12485	0.23815	0.21019	0.15544	0.18263	0.32611	0.74548	0.06967	35.86264	-13.97548
"add"	9	0.193110232090112	0.0625684884143993	0.152037792958883	1.39922195459282	0.15694	0.14734	0.13393	0.14747	0.13026	0.16583	0.15417	0.1449	0.18748	0.77027	0.04732	46.6957	-7.40339	0.170065030164142	0.17144	0.15665	0.15741	0.15736	0.14669	0.18637	0.18189	0.15752	0.21525	0.63289	0.05981	40.1329	-18.0737	0.191106577124912	0.19507	0.18078	0.17273	0.18141	0.16443	0.20818	0.19862	0.17983	0.23892	0.73815	0.05051	44.86379	-12.15331
"add"	9	0.427345396659803	0.205408436828293	0.272157903565507	1.78853361593511	0.22682	0.25229	0.34411	0.36058	0.28666	0.25778	0.28175	0.26313	0.17628	0.54286	0.16618	11.52158	-8.63093	0.302490796947021	0.25098	0.28435	0.32493	0.40325	0.34567	0.33184	0.3479	0.24646	0.18704	0.00897	0.24467	0.68886	-24.41913	0.383365953543586	0.32256	0.36492	0.43371	0.51906	0.42664	0.39244	0.41913	0.33368	0.23815	0.38509	0.19273	7.37068	-14.7262
"add"	9	0.333465699211229	0.0976086079608649	0.115358708307088	3.08561767524626	0.1121	0.08996	0.09197	0.10968	0.14928	0.11432	0.13778	0.13073	0.1024	0.73746	0.09225	28.00051	-7.14727	0.279093323388571	0.26108	0.19487	0.20697	0.25836	0.37664	0.29785	0.35401	0.31337	0.24868	0.61545	0.11165	22.657	-15.71771	0.330758228846128	0.31788	0.24928	0.25643	0.31254	0.43494	0.33567	0.402	0.37441	0.29368	0.72575	0.09429	27.38959	-8.94641
"add"	9	0.163527630968019	0.0418741246103309	0.369196674522979	0.555249713624633	0.479	0.39294	0.34747	0.4027	0.34426	0.30059	0.3129	0.37887	0.36405	0.68624	0.05046	44.89311	-5.21077	0.144884781536216	0.19012	0.13776	0.13916	0.14461	0.13771	0.12376	0.1291	0.14585	0.1559	0.8179	0.03844	52.51014	-6.34094	0.159267955324981	0.20871	0.15567	0.15192	0.16313	0.15102	0.13385	0.13958	0.16148	0.16806	0.83136	0.03699	53.58574	-4.14791
"add"	9	0.197065742930863	0.213886972866021	0.379091705971236	0.84094834978422	0.39707	0.35597	0.45787	0.48405	0.35258	0.00702	0.60242	0.42433	0.33051	0.21843	0.21347	4.50895	-11.23692	0.228363136582616	0.23373	0.2243	0.34988	0.31573	0.17531	0.02607	0.411	0.1478	0.17144	0.32882	0.19782	6.64065	-16.56785	0.250926541120016	0.25874	0.23849	0.34819	0.33936	0.21363	0.02051	0.4452	0.19568	0.19853	0.37971	0.19017	7.74467	-14.39335
"add"	9	0.463512766011991	0.102229293901473	0.0633753583784218	7.31700136119841	0.07177	0.06337	0.06019	0.07225	0.05493	0.05287	0.05621	0.06873	0.07007	0.90483	0.07416	34.11245	-7.04199	0.350437011052331	0.38967	0.33375	0.34656	0.3848	0.29285	0.30898	0.31851	0.37429	0.40451	0.73894	0.12282	19.98585	-28.23917	0.443831144225199	0.50158	0.44063	0.42431	0.50381	0.38225	0.37286	0.39409	0.48065	0.49431	0.9008	0.07571	33.53261	-9.55252
"add"	9	0.069946264626924	0.121216693834867	0.118736524266546	0.617472274896376	0.13549	0.19534	-0.00054	0.06851	0.01791	0.07472	0.28171	0.02686	0.26863	0.4172	0.07592	33.45521	-10.06035	0.055882014174602	0.05731	0.07713	-0.00321	0.03318	0.00278	0.04175	0.14415	0.0093	0.14054	0.32699	0.08159	31.4403	-12.11286	0.0607212959803357	0.0641	0.088	-0.00214	0.03614	0.00504	0.04322	0.15223	0.0115	0.1484	0.3698	0.07895	32.36043	-11.28832
"add"	9	0.330834409315139	0.1794141784776	0.418714190759408	1.00830737691165	0.39462	0.51586	0.36147	0.45363	0.45025	0.44637	0.37482	0.36738	0.40404	0.41929	0.15268	13.89341	-4.95314	0.258849593968491	0.22903	0.29604	0.21161	0.24596	0.31113	0.29458	0.28831	0.21368	0.23929	0.54726	0.13481	17.3786	-12.22692	0.308130393527968	0.27919	0.36422	0.25285	0.30715	0.36284	0.3393	0.3216	0.2575	0.28853	0.60788	0.12546	19.39089	-8.74796
"add"	9	0.374557879765052	0.122874630615115	0.460087227591886	1.10573044867865	0.52032	0.39327	0.54879	0.46791	0.41668	0.46427	0.41447	0.49731	0.41777	0.63426	0.11918	20.82826	-7.67617	0.309664813395105	0.34815	0.23293	0.38932	0.27089	0.26657	0.29792	0.33964	0.32474	0.31683	0.73916	0.10065	25.56043	-16.66398	0.374780011911627	0.42579	0.29714	0.46137	0.34536	0.32918	0.35889	0.38461	0.40081	0.36987	0.83431	0.08022	31.91342	-5.88485
"add"	9	0.289789193822071	0.22851397912018	0.339667619738815	1.43611568090575	0.25721	0.19241	0.48816	0.26578	0.49173	0.34545	0.16971	0.41672	0.42985	0.35243	0.25385	-0.34143	-2.55398	0.364860144812615	0.29296	0.19287	0.49348	0.24117	0.38257	0.42456	0.20722	0.45881	0.59009	0.45549	0.23277	2.08539	-5.97862	0.410396731555989	0.3283	0.23149	0.55961	0.30055	0.4845	0.45359	0.2251	0.50654	0.60388	0.49341	0.22452	3.09596	-3.20202
"add"	9	0.469326557358727	0.0397717538289726	0.0497628628262596	9.78666364082059	0.04669	0.04962	0.05187	0.05078	0.04537	0.05012	0.04765	0.05232	0.05346	0.98097	0.03138	58.19661	-9.32408	0.371447846414726	0.33615	0.35503	0.39316	0.3562	0.32897	0.39984	0.37865	0.38401	0.41103	0.78752	0.10485	24.41485	-41.60915	0.471394100851848	0.4405	0.46802	0.49208	0.47759	0.42803	0.4784	0.45454	0.49506	0.50833	0.97824	0.03355	56.31943	-9.38133
"add"	9	0.430117905279621	0.109609262086451	0.145045740925333	3.21402877878267	0.14567	0.1459	0.12592	0.12139	0.17302	0.14267	0.14403	0.16303	0.14379	0.79548	0.10288	24.9458	-9.28234	0.337788247038355	0.33073	0.32386	0.27411	0.26337	0.41608	0.37882	0.34308	0.379	0.33105	0.57379	0.14852	14.66626	-23.40088	0.42194913816078	0.42144	0.41911	0.35622	0.34564	0.51045	0.43383	0.41981	0.47568	0.41537	0.77312	0.10836	23.49327	-11.50987
"add"	9	0.0551753236562945	0.183241808554158	0.138640190370225	0.580674205909633	0.12563	-0.05995	-0.01548	0.06858	-0.16066	0.05275	0.46775	0.42722	0.34192	0.29532	0.15742	13.0373	-10.32344	0.0798367355822296	0.02358	-0.05045	-0.02133	-0.01139	-0.06975	0.03674	0.36398	0.26397	0.18317	0.35931	0.1501	14.36992	-12.13479	0.0757279255105598	0.03282	-0.0439	-0.01333	-0.00065	-0.07552	0.03375	0.32052	0.24869	0.17918	0.37577	0.14816	14.73434	-11.50428
"add"	9	0.472049660107587	0.107567329891026	0.523086754490529	1.34688645566607	0.48603	0.53062	0.57396	0.5325	0.56746	0.49185	0.44095	0.58713	0.49727	0.47909	0.19919	6.44774	-10.12247	0.408002848877346	0.39343	0.40168	0.47074	0.32707	0.42439	0.45332	0.38062	0.41001	0.41076	0.85551	0.10491	24.40107	-15.02937	0.512215295043267	0.49439	0.51669	0.5765	0.45476	0.54066	0.52926	0.456	0.53776	0.50391	0.83368	0.11255	22.43098	-6.30594
"add"	9	0.129592392919585	0.0447325762361288	0.0882022336012005	1.55432622920925	0.10145	0.0783	0.08924	0.095	0.11321	0.07197	0.10199	0.06104	0.08163	0.64791	0.04472	48.2766	-7.70402	0.120825211097807	0.13916	0.10316	0.12393	0.12791	0.16007	0.09918	0.1447	0.08019	0.10912	0.6204	0.04643	47.22346	-9.8542	0.129872339729183	0.14951	0.11335	0.13219	0.13888	0.16917	0.10613	0.15248	0.08828	0.11886	0.64267	0.04505	48.07008	-8.3015
"add"	9	0.0803281593602151	0.120499719574582	0.191274800085293	0.659572236058971	0.16902	0.00396	0.20047	0.15949	0.25118	0.17718	0.22483	0.33183	0.20353	0.25405	0.11412	22.04415	-13.30987	0.0930802828578804	0.07892	-0.01504	0.08696	0.08074	0.12219	0.06678	0.14483	0.17678	0.09557	0.14716	0.12202	20.16928	-15.35347	0.100523867760145	0.08547	-0.01132	0.09694	0.08764	0.1326	0.07624	0.14561	0.18761	0.10392	0.19129	0.11882	20.91326	-14.26726
"add"	9	0.246940153266769	0.0217625797959045	0.0854316806866339	3.00311087543935	0.08604	0.08764	0.08389	0.08745	0.07759	0.08349	0.09049	0.08641	0.08588	0.97303	0.01899	72.25483	-4.42535	0.211063873198444	0.20619	0.20908	0.21199	0.20833	0.18756	0.21428	0.23404	0.21096	0.21714	0.86803	0.04201	50.026	-26.77921	0.242396474786811	0.24199	0.24632	0.23965	0.24566	0.21864	0.23932	0.26006	0.24455	0.24537	0.96428	0.02186	68.32123	-9.36063
"add"	9	0.177950254408643	0.203382377861999	0.205816052627993	1.20067929772813	0.30599	0.34585	0.44349	0.25524	0.3301	0.09867	0.08688	-0.04279	0.02892	0.32683	0.22785	2.68395	-15.45721	0.194750878922099	0.30938	0.32062	0.44742	0.19832	0.36741	0.10529	0.02376	-0.04313	0.02369	0.14341	0.25702	-0.68937	-15.85501	0.210566065523918	0.32936	0.3481	0.47223	0.2274	0.37807	0.11117	0.04249	-0.04474	0.031	0.25941	0.23898	1.3477	-15.30067
"add"	9	0.262966612598393	0.0167308048112318	0.524951765875959	0.707671362442037	0.54306	0.53932	0.52256	0.5434	0.51804	0.52299	0.49734	0.53016	0.5077	0.69649	0.06965	35.87073	-35.76859	0.228428028234584	0.22648	0.21926	0.23405	0.21836	0.22271	0.24934	0.23438	0.21965	0.23163	0.93486	0.03227	57.41401	-31.37755	0.26390470515731	0.26604	0.2601	0.26752	0.25954	0.25861	0.27853	0.26251	0.25848	0.26381	0.98699	0.01442	79.96934	-5.98263
"add"	9	0.495710937504191	0.134012086607981	0.512996170593433	1.41238332589199	0.47806	0.45117	0.53731	0.52565	0.62851	0.50408	0.41955	0.5213	0.55133	0.56494	0.1869	8.23037	-17.87826	0.423194558080673	0.4059	0.30159	0.41951	0.39554	0.53595	0.45515	0.41507	0.40188	0.47816	0.89473	0.09194	28.09597	-13.27937	0.532900197630879	0.51282	0.41878	0.53148	0.52182	0.66928	0.54805	0.48502	0.52226	0.58658	0.88213	0.09728	26.51307	-5.13497
"add"	9	0.441898755996954	0.0859029525890946	0.494225398444009	1.26979174177163	0.49496	0.57966	0.46985	0.50771	0.498	0.41149	0.51778	0.47805	0.49052	0.61923	0.14602	15.14198	-10.95185	0.362908659954493	0.32451	0.40181	0.37969	0.3575	0.36056	0.35516	0.4543	0.32182	0.31084	0.76807	0.11396	22.08288	-19.81353	0.454032310917704	0.42466	0.51757	0.4596	0.46066	0.45275	0.41698	0.53157	0.41857	0.40393	0.86915	0.0856	30.09629	-9.25572
"add"	9	0.404913234105334	0.0269049596972764	0.0466283648833108	9.12093869156433	0.04719	0.04622	0.04636	0.04586	0.0462	0.04623	0.05004	0.04657	0.04499	0.98634	0.02269	67.2716	-4.61174	0.333801122492841	0.32574	0.31505	0.33934	0.31313	0.32813	0.35264	0.37917	0.32335	0.32766	0.82238	0.08183	31.35787	-40.26252	0.412660765277171	0.41577	0.40675	0.41142	0.40363	0.40855	0.41234	0.44582	0.41072	0.39895	0.98387	0.02466	64.93919	-5.60186
"add"	9	0.419770959834568	0.132321368611883	0.495987475124243	1.2692825179975	0.53626	0.5406	0.3652	0.4636	0.47515	0.5837	0.59558	0.50753	0.39627	0.42883	0.20532	5.59945	-10.98229	0.378059728654974	0.34068	0.34675	0.252	0.36422	0.41854	0.51062	0.5316	0.36951	0.26861	0.77116	0.12996	18.40474	-6.65795	0.463273323010066	0.45012	0.45639	0.3183	0.44832	0.49371	0.5916	0.61019	0.4633	0.33752	0.74311	0.13769	16.78595	-6.02382
"add"	9	0.212239372427575	0.116290920763277	0.144446728471168	1.67377618706793	0.10807	0.13653	0.14486	0.17456	0.15859	0.14094	0.13166	0.18701	0.11781	0.4148	0.1291	18.59005	-16.63601	0.186287855238992	0.11828	0.18106	0.15351	0.22713	0.22027	0.18474	0.19177	0.25536	0.14446	0.30478	0.14071	16.17826	-19.11123	0.214632621136355	0.14828	0.20673	0.19585	0.26035	0.24481	0.21004	0.20769	0.28669	0.17126	0.38882	0.13194	17.98183	-17.74729
"add"	9	0.106691572908312	0.0445949098211713	0.247053047367816	0.48707116438232	0.28838	0.247	0.26324	0.2574	0.35677	0.21211	0.19887	0.17731	0.2224	0.62117	0.03935	51.85974	-11.10854	0.0914199638185216	0.10967	0.0873	0.09417	0.09069	0.13439	0.08525	0.07162	0.0629	0.08679	0.45737	0.04709	46.82906	-19.05064	0.0981834220598169	0.11737	0.0948	0.10195	0.09872	0.14386	0.08966	0.07699	0.06824	0.09206	0.52849	0.0439	48.79593	-15.15823
"add"	9	0.227346904331353	0.121904772764537	0.286819918787181	0.857394942099721	0.394	0.2284	0.13213	0.30458	0.42105	0.25268	0.31919	0.33192	0.19743	0.34714	0.11067	22.90234	-17.50509	0.161070063569661	0.19027	0.12685	0.06945	0.18385	0.25835	0.08926	0.21137	0.18862	0.13161	-0.27149	0.15445	13.57015	-41.50752	0.18488702865712	0.227	0.14843	0.08013	0.20995	0.29323	0.11075	0.23243	0.21707	0.14499	0.00341	0.13674	16.98066	-34.86715
"add"	9	0.270492073334754	0.243005039053969	0.201292837901318	1.34348914762916	0.31782	0.23996	0.11874	0.18675	0.26106	0.06304	0.39428	0.07002	0.15996	0.47673	0.19543	6.98171	-17.03554	0.214599302193509	0.42724	0.27527	0.16519	0.1763	0.31052	-0.02701	0.39414	0.03938	0.17037	0.31277	0.22396	3.16579	-24.66635	0.236858103183039	0.41541	0.29379	0.1628	0.20225	0.32833	0.02766	0.45307	0.06125	0.18717	0.43756	0.20261	5.97124	-21.3737
"add"	9	0.184686296607833	0.159743009076919	0.294604922048373	0.998971404202875	0.18271	0.31604	0.27275	0.25994	0.33015	0.36357	0.25543	0.40312	0.26773	0.02537	0.21018	4.94374	-6.5355	0.228320116221029	0.15126	0.19033	0.15146	0.18585	0.27216	0.33783	0.22547	0.30535	0.23516	0.24891	0.18451	8.59104	-7.08587	0.249406950127625	0.16334	0.22591	0.19157	0.2098	0.29291	0.34862	0.23654	0.32938	0.2466	0.22064	0.18795	8.07378	-6.63006
"add"	9	0.298188111942727	0.0337024093605578	0.0316637136105797	9.5172836128639	0.03531	0.03372	0.03105	0.03038	0.03518	0.03102	0.02702	0.03176	0.02954	0.97721	0.02252	67.48455	-6.92637	0.249983395139543	0.27498	0.2599	0.24763	0.23257	0.27884	0.25663	0.21999	0.24549	0.2338	0.89472	0.0484	46.06294	-27.70718	0.295020580918417	0.32858	0.31343	0.28954	0.28215	0.32803	0.29053	0.25246	0.29523	0.27522	0.97616	0.02303	66.85956	-7.22346
"add"	9	0.43988111068029	0.0999516669544391	0.515522451517809	1.23702507579176	0.57628	0.54975	0.57033	0.53521	0.50747	0.50231	0.51103	0.49915	0.38816	0.54682	0.16727	11.33863	-15.11368	0.366559299842892	0.38672	0.38899	0.4218	0.34848	0.37159	0.42311	0.35138	0.31872	0.28825	0.88825	0.08306	30.93949	-8.65519	0.45740891498736	0.49471	0.4929	0.5169	0.45364	0.461	0.49391	0.43338	0.41598	0.35427	0.88838	0.08301	30.95513	-4.40053
"add"	9	0.370748267997988	0.165609177900478	0.0715476443027039	5.02129802650035	0.08673	0.07041	0.06194	0.07884	0.08934	0.04539	0.06273	0.08799	0.06057	0.70823	0.11889	20.89819	-4.39391	0.279949192164212	0.34111	0.26308	0.22342	0.3109	0.36784	0.18644	0.26307	0.32046	0.24322	0.60666	0.13804	16.71632	-13.08923	0.340921872770537	0.41462	0.33256	0.28853	0.37724	0.43135	0.21809	0.30338	0.41231	0.29021	0.70342	0.11986	20.66941	-5.8019
"add"	9	0.462186773237772	0.105234590300824	0.529832128005402	1.34011294978278	0.62203	0.5727	0.46861	0.52274	0.56383	0.50961	0.51645	0.50907	0.48346	0.46387	0.21341	4.51658	-13.80908	0.424525323150759	0.51098	0.4107	0.41739	0.35439	0.46692	0.42986	0.43786	0.3627	0.42994	0.88889	0.09715	26.55076	-7.27716	0.527501290535495	0.63285	0.53574	0.49824	0.47612	0.57648	0.51408	0.52537	0.47499	0.51363	0.80272	0.12946	18.5134	-3.10699
"add"	9	0.0557883516419679	0.0497963064117357	0.11605904002029	0.398840791983885	0.09251	0.12349	-0.04343	0.21031	0.03718	0.1712	0.13974	0.21356	0.09998	0.13657	0.05117	44.50214	-13.02541	0.039497351887307	0.02846	0.04065	-0.00706	0.06695	0.01182	0.06458	0.04976	0.06594	0.03437	0.08297	0.05274	43.65895	-14.83374	0.0410270279308242	0.03041	0.0424	-0.00905	0.07052	0.0126	0.06548	0.0511	0.07019	0.03559	0.10425	0.05212	43.98771	-14.33995
"add"	9	0.43280945623992	0.201687091554049	0.102047547376446	4.71220543211245	0.08615	0.09451	0.11592	0.1141	0.07976	0.10337	0.09993	0.11738	0.1073	0.61213	0.17156	10.62849	-11.99014	0.360890644733535	0.28771	0.33535	0.44957	0.37558	0.2458	0.40204	0.37113	0.37043	0.41039	0.44875	0.20453	5.70725	-21.62322	0.449705114293751	0.3751	0.41829	0.52345	0.49401	0.33985	0.4669	0.44537	0.50133	0.48303	0.60184	0.17382	10.26189	-12.95429
"add"	9	0.0992945404257625	0.240160171233583	0.082548618289002	0.920588024527909	0.32985	0.07838	0.02424	0.16574	-0.0122	0.01859	0.06122	0.05566	0.02146	0.1804	0.19969	6.37672	-12.83555	0.0384454441436503	0.24711	0.00401	0.00495	0.10109	-0.04862	-0.07177	0.06018	0.04054	0.00852	0.05214	0.21475	4.34115	-16.48375	0.0511992201326149	0.26018	0.03175	0.01165	0.11172	-0.0309	-0.03991	0.0598	0.04436	0.01214	0.12744	0.20605	5.50009	-14.5743
"add"	9	0.224949762376491	0.143166560097598	0.139597714256204	1.63715468972211	0.17076	0.13964	0.15453	0.13793	0.13842	0.13555	0.09178	0.23402	0.05374	0.61838	0.10708	23.82779	-7.47201	0.171854259107087	0.21668	0.16026	0.19472	0.17242	0.15682	0.16931	0.12098	0.2756	0.07989	0.48886	0.12392	19.73657	-12.9002	0.200224898564286	0.24943	0.19365	0.22391	0.2007	0.18969	0.1948	0.13614	0.32903	0.08467	0.58763	0.11131	22.74273	-9.25822
"add"	9	0.422718622989487	0.0146153938258067	0.579449281287473	1.07103924797861	0.58829	0.59564	0.56342	0.61254	0.60305	0.54244	0.54196	0.5943	0.57342	0.61815	0.12837	18.74935	-56.38758	0.344816097576118	0.33087	0.32544	0.34213	0.33682	0.35611	0.36544	0.36652	0.33507	0.34493	0.91243	0.06147	39.36619	-50.91321	0.427280016285914	0.42105	0.41989	0.41871	0.43373	0.44357	0.42941	0.43031	0.42593	0.42292	0.99423	0.01578	77.43458	-8.95943
"add"	9	0.35379696812015	0.187118894886225	0.211774537434455	1.68501099742826	0.22922	0.30533	0.22036	0.18042	0.22129	0.21141	0.02783	0.32564	0.18447	0.53707	0.1677	11.26515	-13.92256	0.25393724053798	0.30006	0.36131	0.29249	0.15496	0.21852	0.30473	0.03239	0.37669	0.2443	0.30128	0.20603	5.50165	-20.06953	0.301647352090816	0.34497	0.43133	0.33102	0.21623	0.28569	0.33259	0.03855	0.45651	0.27793	0.46958	0.17951	9.35981	-15.98038
"add"	9	0.344165156490635	0.182527608587407	0.35910772796181	1.35080106871089	0.44569	0.28301	0.4363	0.2738	0.43316	0.24614	0.30259	0.33741	0.47388	0.3916	0.17208	10.54414	-18.21028	0.303405154760299	0.39458	0.17767	0.41716	0.23368	0.33011	0.2109	0.33533	0.2194	0.41182	-0.26136	0.24777	0.33658	-29.52946	0.369457637117453	0.48195	0.24024	0.49337	0.28837	0.41272	0.25057	0.37297	0.2889	0.49601	0.12188	0.20673	5.40683	-21.87818
"add"	9	0.143225796474144	0.114108809328172	0.331500847085708	0.63327744284634	0.33146	0.25071	0.44585	0.46255	0.41611	0.12451	0.27824	0.33717	0.33691	0.25231	0.12468	19.56578	-15.25186	0.15025149798975	0.15961	0.10451	0.17166	0.22248	0.19212	0.03616	0.15176	0.14766	0.16632	0.43109	0.10876	23.39153	-13.42328	0.164630733532416	0.1723	0.11744	0.19809	0.24007	0.20841	0.04338	0.15944	0.1644	0.17817	0.41471	0.11031	22.99404	-13.43287
"add"	9	0.454980769986287	0.0374094237340614	0.567816917885147	1.16314835610606	0.61071	0.58155	0.57405	0.58613	0.56065	0.52445	0.52474	0.57261	0.57545	0.6719	0.12306	19.93294	-34.78599	0.360864313292572	0.36653	0.34247	0.38744	0.32796	0.34675	0.38545	0.36497	0.33992	0.38628	0.80508	0.09485	27.223	-43.58357	0.453952042056045	0.47399	0.44842	0.47639	0.43509	0.44116	0.45641	0.43743	0.44112	0.47555	0.98602	0.0254	64.11225	-9.29939
