"model"	"n.muts"	"coes"	"sigma"	"u.mean"	"d.hat.MLE"	"u.hats.mut.1"	"u.hats.mut.2"	"u.hats.mut.3"	"u.hats.mut.4"	"R2.stick"	"sig.stick"	"lnL.stick"	"P.stick"	"s.mean"	"s.hats.mut.1"	"s.hats.mut.2"	"s.hats.mut.3"	"s.hats.mut.4"	"R2.mult"	"sig.mult"	"lnL.mult"	"P.mult"	"w.mean"	"w.hats.mut.1"	"w.hats.mut.2"	"w.hats.mut.3"	"w.hats.mut.4"	"R2.add"	"sig.add"	"lnL.add"	"P.add"
"stick"	4	0.20483759935014	0.0425490456400439	0.314863686410129	0.738498588937565	0.31083	0.38207	0.32397	0.24258	0.87462	0.04116	29.34134	-2.19957	0.123023557411481	0.11925	0.15303	0.12036	0.09945	-0.07631	0.1206	12.14183	-17.90569	0.147543641068909	0.14396	0.18318	0.14552	0.11751	0.34985	0.09373	16.17464	-12.82564
"stick"	4	0.3375747108832	0.0476420050836168	0.316416408681296	1.05329543086909	0.31298	0.31715	0.33253	0.303	0.95547	0.03446	32.18412	-2.16598	0.166174600995994	0.1629	0.1599	0.17799	0.1639	-0.1709	0.1767	6.02951	-28.71688	0.212017317418564	0.20811	0.20659	0.22594	0.20743	0.42808	0.1235	11.76168	-21.04614
"stick"	4	0.163946732098702	0.119148430530913	0.145112852624879	1.140887316091	0.2048	0.16213	0.13832	0.07521	0.71239	0.07392	19.97391	-3.70061	0.11367160203159	0.16319	0.1319	0.09399	0.0656	0.51742	0.09575	15.83352	-8.28338	0.133642885343031	0.19113	0.15282	0.11736	0.07327	0.64294	0.08236	18.24343	-6.0427
"stick"	4	0.4995030507911	0.173162119055633	0.40963576030016	1.22947149752632	0.26545	0.44827	0.54219	0.38263	0.20426	0.20638	3.54527	-5.57767	0.181742094043728	0.14702	0.17898	0.25724	0.14373	-2.17059	0.41197	-7.51397	-20.41593	0.245647341773142	0.18446	0.2499	0.3495	0.19873	-1.17919	0.34154	-4.51427	-13.41874
"stick"	4	0.247175807855092	0.066225478425622	0.176546090126969	1.20812377982274	0.20247	0.15767	0.19294	0.1531	0.84444	0.06872	21.14014	-7.10575	0.142436443178849	0.1549	0.13043	0.15795	0.12646	0.65529	0.1023	14.77492	-13.29002	0.170604608916591	0.19026	0.15523	0.1875	0.14943	0.78161	0.08142	18.42615	-10.76162
"stick"	4	0.102052091539372	0.140222003683448	0.0368583024735224	2.22375004645451	0.0634	-0.03539	0.06262	0.0568	0.45793	0.13304	10.57055	-9.95857	0.0746554937082012	0.13838	-0.07462	0.12092	0.11395	0.44176	0.13501	10.33548	-10.16203	0.0788274116300317	0.13963	-0.07631	0.13144	0.12055	0.45597	0.13328	10.54168	-9.8429
"stick"	4	0.401141018618364	0.0508962186286226	0.410020915084921	0.986235957374489	0.40345	0.45571	0.37126	0.40967	0.90293	0.04789	26.9181	-1.89559	0.170848775609922	0.1725	0.18434	0.15586	0.17069	-1.43934	0.24007	1.12608	-27.10494	0.22195755717771	0.22261	0.24166	0.2021	0.22146	-0.36054	0.17929	5.79683	-22.54089
"stick"	4	0.314377401478123	0.0899149507749826	0.174855932750208	1.59106141892118	0.16547	0.1561	0.24618	0.13168	0.89008	0.06852	21.18798	-3.8249	0.173825799883697	0.15017	0.15824	0.25636	0.13054	0.58194	0.13362	10.50131	-13.56781	0.219683784426129	0.19708	0.19758	0.3185	0.16557	0.80347	0.09161	16.53965	-7.48137
"stick"	4	0.177664334489964	0.208289415342733	0.181819875563716	0.930650501962676	-0.08499	0.04209	0.39261	0.37757	0.44888	0.18736	5.09242	-8.0473	0.122472063703719	0.00673	0.0283	0.23359	0.22127	0.61127	0.15736	7.88494	-6.40021	0.140436072553718	-0.00377	0.03879	0.27063	0.25609	0.5953	0.16056	7.56282	-6.00247
"stick"	4	0.0661629180773161	0.0215897472226061	0.0168122043812232	3.61821582396325	0.01258	0.01902	0.01602	0.01963	0.90213	0.01739	43.12902	-0.72383	0.0550557846405986	0.04108	0.06263	0.05221	0.0643	0.88877	0.01854	42.1049	-2.04574	0.0594273754739804	0.04445	0.06732	0.05655	0.06939	0.90138	0.01745	43.06747	-0.92764
"stick"	4	0.151572733279318	0.0460142253432423	0.140144493464897	1.05372632998644	0.12536	0.16944	0.10385	0.16193	0.86622	0.03795	30.63897	-1.18731	0.10389406457272	0.09215	0.12543	0.07566	0.12233	0.64987	0.0614	22.9422	-6.2905	0.120737148067116	0.10721	0.14618	0.08824	0.14132	0.79065	0.04748	27.05659	-3.43038
"stick"	4	0.455456159159075	0.143274913658388	0.433253453423303	1.15504165254153	0.64082	0.26645	0.51084	0.3149	0.86474	0.08502	17.73469	-4.16789	0.199155245260604	0.3134	0.10426	0.22106	0.15791	-1.0023	0.32712	-3.82395	-28.41755	0.264627331277194	0.42088	0.13881	0.29745	0.20137	-0.1642	0.24943	0.51414	-19.12528
"stick"	4	0.421834785770625	0.0590047379955649	0.360689510068999	1.07564930008435	0.31028	0.47464	0.35634	0.3015	0.86648	0.06708	21.52595	-4.91841	0.177090936010198	0.14304	0.23956	0.15805	0.16772	-0.84616	0.24945	0.5131	-30.7312	0.229927574649225	0.18632	0.312	0.20893	0.21246	-0.04301	0.18749	5.08105	-20.18283
"stick"	4	0.240066765097436	0.20258300594287	0.18304490376632	1.20157201684701	0.08391	0.1844	0.14752	0.31635	0.37576	0.22053	2.48449	-7.50289	0.139918686670746	0.01284	0.17714	0.08839	0.2813	0.1768	0.25325	0.27114	-18.03322	0.162462063455058	0.04189	0.18525	0.11194	0.31077	0.28778	0.23556	1.42967	-12.39644
"stick"	4	0.0779472180525772	0.230066947813611	-0.0100023423590886	2.06856833884796	0.0199	0.02159	-0.10012	0.01861	-0.44416	0.31344	-3.14068	-15.49938	-0.0253409923327834	0.00155	0.04114	-0.14742	0.00337	-0.53337	0.32298	-3.6202	-9.09541	-0.0208845287444956	0.02345	0.04734	-0.17762	0.02329	-0.45842	0.31498	-3.21926	-12.15128
"stick"	4	0.429265487205703	0.0847919948282652	0.461270964989746	1.00885456673691	0.41464	0.51288	0.42917	0.4884	0.80036	0.0744	19.86918	-2.92859	0.178596634207864	0.15211	0.19091	0.17845	0.19291	-2.15308	0.29569	-2.20792	-28.50937	0.235418006212738	0.20184	0.25328	0.23372	0.25282	-0.8842	0.22858	1.91111	-20.1486
"stick"	4	0.179511568380985	0.237604558467865	0.0936628840307835	1.72696350164269	-0.05567	0.08948	0.15858	0.18226	0.3394	0.2975	-2.30579	-11.09013	0.150798385727349	-0.14399	0.14361	0.31868	0.28489	0.13889	0.33967	-4.42633	-15.42133	0.148207213652743	-0.10813	0.13696	0.27943	0.28456	0.3186	0.30215	-2.55382	-13.16659
"stick"	4	0.100683231407311	0.137561971670948	0.0588000161784304	1.36672451035424	0.09205	0.08267	-0.02386	0.08434	0.41993	0.09956	15.20924	-6.92407	0.0671009557421504	0.1053	0.08529	-0.01634	0.09416	0.38993	0.1021	14.80593	-7.39337	0.0736627285524907	0.11494	0.09856	-0.02286	0.10401	0.41175	0.10026	15.09724	-7.0039
"stick"	4	0.0695402427227236	0.0534281054860912	0.0971268301605875	0.82942679639588	0.10533	0.0184	0.15339	0.11139	0.71713	0.04856	26.69503	-2.88067	0.0659510999004355	0.06633	0.01213	0.10788	0.07747	0.83604	0.03697	31.05796	-2.58464	0.0713365598868781	0.07403	0.01323	0.1152	0.08288	0.79967	0.04087	29.45511	-2.13109
"stick"	4	0.196409572660923	0.0723239211365581	0.298287763066572	0.723616635791457	0.29009	0.35327	0.2781	0.27169	0.86144	0.0408	29.48134	-0.96584	0.116275807459306	0.10803	0.14125	0.1073	0.10852	-0.04082	0.11183	13.34986	-17.10769	0.138316499729623	0.12978	0.16777	0.12765	0.12807	0.35475	0.08805	17.17483	-11.5272
"stick"	4	0.493439087085426	0.198492328810971	0.263470368775481	1.41075861749387	0.16725	0.30617	0.38295	0.1975	0.28908	0.22348	2.27213	-11.27273	0.183988985798633	0.11028	0.1965	0.30201	0.12716	-1.23726	0.39644	-6.8995	-19.21801	0.242890708617907	0.14171	0.26523	0.3983	0.16632	-0.55622	0.33064	-3.99557	-14.82142
"stick"	4	0.424778661353048	0.141548158950172	0.101673881205342	3.33311389953326	0.14423	0.103	0.06174	0.09773	0.73422	0.16597	7.03225	-5.35866	0.219784374625329	0.31305	0.21385	0.15545	0.19678	0.53345	0.21989	2.5308	-8.65638	0.295346090956602	0.41961	0.29327	0.19267	0.27583	0.71011	0.17333	6.33757	-5.32132
"stick"	4	0.428867951454595	0.0860580065636896	0.37308295708835	1.14868056738488	0.35879	0.34444	0.40486	0.38424	0.78581	0.08733	17.30678	-4.68371	0.186829566041006	0.20121	0.18396	0.18693	0.17522	-1.08931	0.27274	-0.91513	-24.02955	0.248134399051054	0.26204	0.24366	0.25188	0.23496	-0.14488	0.20189	3.89714	-15.88241
"stick"	4	0.44711934706429	0.0347609219606966	0.456277102218522	1.00042597475647	0.46254	0.45619	0.45182	0.45456	0.95866	0.03063	34.07043	-0.69043	0.176522409098056	0.18024	0.16844	0.17728	0.18013	-2.46005	0.28019	-1.34662	-36.15078	0.232098528657785	0.23651	0.22261	0.23312	0.23615	-0.98834	0.2124	3.08526	-34.99489
"stick"	4	0.465530492318794	0.236725386406761	0.222601096727439	1.28436324588293	0.46473	0.44064	0.08869	-0.10366	-0.29247	0.36415	-5.53993	-13.546	0.161378602202528	0.29966	0.23991	0.10044	0.0055	-1.1424	0.46883	-9.5829	-18.35091	0.205627921298349	0.39184	0.33262	0.1201	-0.02205	-0.72988	0.42129	-7.87193	-14.90111
"stick"	4	0.444261429051403	0.0697496153879911	0.413109470129621	1.06064539577212	0.47535	0.38859	0.4668	0.3217	0.76193	0.0907	16.70054	-5.22162	0.182755357176805	0.19469	0.16209	0.18586	0.18838	-1.64016	0.30203	-2.54755	-36.25367	0.240902616344963	0.26013	0.21226	0.24902	0.2422	-0.56627	0.23263	1.62958	-25.58756
"stick"	4	0.203517085092608	0.087128552258946	0.0516354288003362	3.56127452582446	0.05599	0.06638	0.04601	0.03815	0.91569	0.04777	26.95841	-2.52308	0.141581259856833	0.1548	0.18265	0.12981	0.09907	0.83043	0.06775	21.36846	-8.43207	0.171430274231665	0.18629	0.22086	0.15403	0.12454	0.90897	0.04964	26.3452	-3.36638
"stick"	4	0.12352839987725	0.223461023764685	0.0753290846139945	2.00668057470623	0.03573	0.11992	0.09239	0.05327	0.27366	0.1911	4.77659	-5.56605	0.127060449950843	0.02841	0.21306	0.18493	0.08184	0.30727	0.18662	5.1556	-10.88068	0.13984627015075	0.0555	0.22765	0.18195	0.09428	0.31049	0.18619	5.19292	-7.32032
"stick"	4	0.152161017886829	0.118893031205516	0.44542115738955	0.503997174837273	0.40422	0.52987	0.46386	0.38373	-0.0299	0.14279	9.43913	-3.36349	0.101723332225771	0.05261	0.11636	0.14042	0.0975	0.51699	0.09779	15.49651	-7.49149	0.117385233986632	0.06699	0.13602	0.15439	0.11213	0.53925	0.09551	15.87408	-6.54171
"stick"	4	0.112372508994304	0.244535565201659	0.132561218307997	0.665564246177157	-0.19913	0.33424	0.0467	0.34843	0.20594	0.19549	4.41326	-7.99404	0.0727896969091565	-0.03188	0.13561	0.04196	0.14547	0.31482	0.18159	5.59312	-13.33346	0.07792063709286	-0.04594	0.15596	0.03363	0.16804	0.30979	0.18226	5.53453	-11.56362
"stick"	4	0.0513950250810012	0.0720282861148007	0.18989568125397	0.452877094850914	0.04945	0.32931	0.13153	0.24929	0.42268	0.0803	18.64784	-6.78154	0.0628469738798753	0.02449	0.11385	0.03393	0.07912	0.52244	0.07304	20.16556	-8.49907	0.0673892187602635	0.0249	0.12043	0.03926	0.08497	0.51599	0.07353	20.05821	-7.83917
"stick"	4	0.0593028983101249	0.137472638802137	0.0554548362290251	1.06347813010349	0.03935	0.09712	0.01196	0.07339	0.23715	0.11124	13.43372	-13.3559	0.0565910863903702	0.04877	0.09118	-0.00253	0.08894	0.19754	0.11409	13.02872	-17.27795	0.0573084400517058	0.04489	0.09627	0.0052	0.08288	0.22853	0.11187	13.34377	-15.32427
"stick"	4	0.30935432073893	0.211442671658006	0.0966566653208054	2.78382264129132	0.05901	0.15336	0.10903	0.06523	0.36478	0.2451	0.79454	-6.9237	0.176786163755845	0.0971	0.29396	0.20901	0.10707	0.23047	0.26977	-0.74	-8.10661	0.229713824913418	0.13347	0.37348	0.26449	0.14741	0.34119	0.24961	0.50281	-7.15711
"stick"	4	0.285985404439271	0.243234016292263	0.193265610903593	1.34606900465038	0.30361	-0.02459	0.19031	0.30373	0.28645	0.24251	0.96413	-10.6215	0.151007993090108	0.18789	0.01145	0.16807	0.23663	-0.10336	0.30157	-2.52275	-11.99116	0.189927519047208	0.25503	0.00502	0.20408	0.29558	0.11528	0.27004	-0.75594	-10.12431
"stick"	4	0.0666776296915487	0.203793544496875	0.103561616750848	0.906459681043125	0.12063	0.16741	0.20357	-0.07736	0.26579	0.17837	5.87953	-11.46973	0.0663808534084733	0.08901	0.12469	0.12441	-0.07258	0.17868	0.18865	4.98259	-12.36014	0.0740359383913968	0.09488	0.13016	0.14204	-0.07093	0.22678	0.18305	5.46535	-11.62426
"stick"	4	0.203729270352051	0.190343198657501	0.0920407609325466	2.43520451949852	0.10041	0.07233	0.10113	0.09429	0.4898	0.19984	4.0608	-10.68681	0.164965054307798	0.19502	0.10209	0.19863	0.16412	0.41996	0.21308	3.03448	-11.76754	0.199706433575843	0.22357	0.14499	0.22595	0.20432	0.47909	0.20193	3.89469	-10.84136
"stick"	4	0.310254305694252	0.11609681340633	0.36285283165913	0.853622748279014	0.25876	0.33034	0.47104	0.39127	0.95889	0.03179	33.47595	-2.54755	0.151717384750572	0.10248	0.13627	0.20919	0.15893	-0.09142	0.16379	7.24381	-32.1772	0.187741952899673	0.1275	0.16771	0.25719	0.19856	0.39181	0.12227	11.92175	-23.3631
"stick"	4	0.421632903022692	0.0666073248721659	0.401198622211371	0.936212460429927	0.36107	0.38062	0.42227	0.44084	0.80515	0.0705	20.73145	-4.89563	0.163999703631677	0.16789	0.13619	0.17976	0.17216	-1.23252	0.23863	1.22218	-28.44839	0.209922798378671	0.21207	0.17773	0.2275	0.22239	-0.35102	0.18564	5.24033	-21.18723
"stick"	4	0.422461088909768	0.171280362643301	0.378686858018573	1.00707402483446	0.33955	0.41207	0.23255	0.53058	0.57166	0.12422	11.66757	-5.90831	0.166057252378404	0.12433	0.16513	0.13105	0.24372	-1.12356	0.2766	-1.13985	-18.82172	0.21368145684516	0.16298	0.21518	0.1629	0.31367	-0.39646	0.2243	2.2134	-13.97807
"stick"	4	0.286760196345858	0.000510172103531659	0.285862254309804	1.00224215047143	0.28597	0.28579	0.28601	0.28568	0.99999	0.00052	99.29506	-2.61796	0.153993008927531	0.15396	0.15388	0.15411	0.15402	0.16369	0.13736	10.05883	-48.42213	0.192196030415138	0.19219	0.19208	0.19232	0.19219	0.62201	0.09235	16.41186	-112.4638
"stick"	4	0.190853505767882	0.035276685084682	0.150944011644958	1.22197496831835	0.14706	0.13972	0.18257	0.13443	0.95477	0.02766	35.70389	-2.69325	0.126060367614051	0.12315	0.11608	0.15813	0.10688	0.72199	0.06857	21.17653	-13.71515	0.149995724595559	0.14641	0.13817	0.18559	0.12981	0.8808	0.0449	27.95147	-7.65704
"stick"	4	0.108063054166269	0.0071259870310314	0.128222855485466	0.848727197881272	0.119	0.13111	0.13485	0.12794	0.99237	0.00686	58.01068	-1.19287	0.0814523605557976	0.07505	0.08296	0.08643	0.08136	0.85489	0.0299	34.4529	-21.02863	0.0911728560074166	0.08419	0.09301	0.09645	0.09104	0.93849	0.01947	41.31948	-12.51573
"stick"	4	0.472571377840359	0.236218240694143	0.330535543067404	1.33708430958572	0.27054	0.26891	0.41697	0.36572	0.23178	0.24511	0.79391	-6.86388	0.196565628956	0.16497	0.22255	0.1916	0.20714	-0.87496	0.38292	-6.34418	-18.62288	0.266340277198162	0.22074	0.2797	0.28068	0.28425	-0.29159	0.31782	-3.36246	-13.85239
"stick"	4	0.249422177602537	0.0435270013986155	0.235286704481572	1.07228937215312	0.26269	0.24241	0.22953	0.20652	0.94603	0.03509	31.89214	-5.17417	0.147241263711298	0.17461	0.15518	0.14065	0.11853	0.40294	0.11673	12.6629	-22.11975	0.181243127300585	0.21122	0.18944	0.17412	0.1502	0.72093	0.07981	18.74752	-13.91366
"stick"	4	0.0932249914389104	0.0931674491730519	0.226072346801312	0.655010288955327	0.03975	0.35403	0.19403	0.31649	0.34991	0.11718	12.60132	-10.52941	0.0936844403726801	0.04024	0.15571	0.04349	0.1353	0.73662	0.07459	19.82934	-6.85028	0.10563721857445	0.03907	0.17325	0.05955	0.15068	0.69683	0.08002	18.70395	-7.22313
"stick"	4	0.250665863335598	0.228672017110512	0.0813163280058916	3.33471341322719	0.10801	0.07189	0.07182	0.07356	0.54746	0.18447	5.34099	-4.5798	0.182826578513752	0.26021	0.15348	0.14742	0.17019	0.4014	0.21217	3.10321	-8.55948	0.238582173199252	0.32552	0.20726	0.20469	0.21687	0.52862	0.18827	5.01463	-5.68587
"stick"	4	0.071618131082505	0.000900766463018954	0.0731393324696793	0.982373791348494	0.07286	0.07348	0.07336	0.07286	0.99974	0.00093	89.92025	-1.32501	0.0600238333380315	0.05975	0.06029	0.06024	0.05982	0.95189	0.01266	48.21201	-46.3811	0.0650999464558393	0.06482	0.06539	0.06532	0.06486	0.98484	0.0071	57.44894	-33.31131
"stick"	4	0.483168111962732	0.015896548400633	0.479913194329	0.999478842708041	0.49756	0.46895	0.48145	0.47169	0.98931	0.01623	44.23058	-0.78939	0.181434169575115	0.18851	0.17522	0.18365	0.17836	-2.47467	0.29268	-2.04438	-41.26427	0.239939461908018	0.24943	0.23165	0.24306	0.23562	-0.97814	0.22084	2.46235	-51.28153
"stick"	4	0.446463725075591	0.102460162248462	0.343201373671994	1.14995094794557	0.31304	0.39277	0.42606	0.24094	0.74203	0.09258	16.3711	-3.8429	0.180945429737168	0.14877	0.20329	0.21569	0.15602	-0.96401	0.25546	0.13183	-20.57807	0.238337333356431	0.19792	0.2692	0.28817	0.19806	-0.08112	0.18954	4.9077	-14.20045
"stick"	4	0.229818286374211	0.203943697386421	0.125619856586235	1.88145759888514	0.1911	0.10542	0.18657	0.0194	0.59399	0.16658	6.97309	-3.88125	0.164503806791538	0.26114	0.12787	0.25122	0.01779	0.59002	0.1674	6.8951	-7.023	0.201140550860639	0.31303	0.16185	0.30467	0.02502	0.61891	0.16139	7.47979	-5.37952
"mult"	4	0.491806748008821	0.23739773593843	0.347505795523695	3.84750281277164	0.32746	0.29866	0.36851	0.39539	0.25644	0.72685	-16.59837	-11.38183	0.459066540962022	0.41471	0.32515	0.49772	0.59869	0.8498	0.32668	-3.80277	-7.39492	0.822160516573298	0.77114	0.61907	0.88873	1.00969	0.87963	0.29244	-2.03116	-1.44556
"mult"	4	0.325875465536956	0.0966390090761706	0.324211706985983	2.44767807602102	0.31068	0.35191	0.30638	0.32788	0.10982	0.50369	-10.73016	-21.23803	0.332704507598548	0.28822	0.38279	0.29333	0.36648	0.96904	0.09394	16.13844	-2.61586	0.502860262732419	0.45817	0.56988	0.45275	0.53064	0.81212	0.2314	1.71501	-10.03535
"mult"	4	0.325818645243999	0.113333286135457	0.331351857741133	2.40087610367999	0.34391	0.3453	0.3047	0.3315	0.06351	0.50921	-10.90455	-20.98699	0.328868286972231	0.366	0.35395	0.28166	0.31385	0.96427	0.09947	15.22413	-0.89566	0.500888371789991	0.54044	0.53553	0.4383	0.48928	0.79481	0.23835	1.24127	-7.30658
"mult"	4	0.478352100797929	0.199140192882624	0.323300466261341	4.16131773759488	0.32936	0.30042	0.33711	0.32632	-0.06596	0.91711	-20.31855	-23.01455	0.464102222786051	0.46446	0.38664	0.52781	0.4775	0.97843	0.13046	10.88437	-2.42359	0.832120405392878	0.84542	0.73592	0.90614	0.84101	0.77948	0.41713	-7.71326	-16.04618
"mult"	4	0.271029672469012	0.119434014777653	0.326819427429002	1.83555261832396	0.22551	0.3643	0.3541	0.36336	0.0933	0.41681	-7.70087	-20.24292	0.279520880621687	0.1477	0.3573	0.3028	0.31029	0.90553	0.13454	10.39162	-3.15522	0.38718679507888	0.22803	0.46757	0.42104	0.43211	0.73537	0.22518	2.15083	-8.43099
"mult"	4	0.280342280794866	0.0311051011667587	0.329580939399518	1.95712417656668	0.32257	0.33096	0.33845	0.32634	0.25967	0.36608	-5.62471	-38.21128	0.289248988446633	0.28029	0.28876	0.30319	0.28475	0.99361	0.034	32.39839	-3.86314	0.413188028338011	0.4022	0.41361	0.42905	0.40788	0.8777	0.14879	8.78003	-20.42577
"mult"	4	0.466824412369169	0.249364137707744	0.147915377572777	6.88927498110274	0.15726	0.12452	0.17857	0.13131	0.65782	0.55071	-12.15837	-5.58319	0.494962605374487	0.48866	0.43256	0.69906	0.35957	0.8653	0.34552	-4.69991	-8.40988	0.856003035346867	0.89592	0.72812	1.07793	0.72203	0.79721	0.42396	-7.97308	-4.68247
"mult"	4	0.447475638508331	0.183816946984734	0.327654978095643	3.62508461236227	0.29455	0.35914	0.36169	0.29524	0.00297	0.81092	-18.34956	-17.50346	0.441631924633327	0.29568	0.54705	0.56493	0.35886	0.94468	0.19101	4.78383	-5.06072	0.743346111562197	0.59811	0.86901	0.88101	0.62526	0.76322	0.39518	-6.8485	-7.32004
"mult"	4	0.261991464183666	0.17008035274921	0.322192012895699	1.70318936469155	0.41851	0.30913	0.3171	0.24403	0.37448	0.27704	-1.16527	-7.99149	0.244320829265017	0.34766	0.22245	0.23676	0.17041	0.82443	0.14677	8.99901	-3.36444	0.342283704920086	0.47885	0.315	0.33041	0.24488	0.8584	0.13181	10.7193	-0.85526
"mult"	4	0.165435232897289	0.0960467582335696	0.0595153441713713	3.76719225321376	0.05691	0.0486	0.07177	0.06078	0.85858	0.08512	17.71527	-2.50484	0.170872968100983	0.16314	0.14064	0.2106	0.16911	0.90391	0.07017	20.80649	-7.33032	0.208661665540017	0.19947	0.17048	0.25317	0.21153	0.88412	0.07706	19.30856	-3.84257
"mult"	4	0.416857458278537	0.230006564757787	0.315061048715295	3.27808258331473	0.29325	0.32147	0.35361	0.29192	0.02674	0.65259	-14.87404	-15.02943	0.380963674921574	0.33074	0.35829	0.47382	0.361	0.91826	0.18912	4.94293	-2.54824	0.635940043563386	0.56688	0.63113	0.76016	0.58558	0.81791	0.28227	-1.46465	-7.87064
"mult"	4	0.332027024321724	0.215487767301966	0.102837996259335	4.97462810611185	0.12684	0.08034	0.09786	0.10632	0.67013	0.29157	-1.98352	-1.34613	0.308977243888042	0.43195	0.24202	0.27165	0.29029	0.76713	0.24498	0.80244	-7.55138	0.448465425920316	0.57307	0.34939	0.41833	0.45306	0.73929	0.25921	-0.1011	-2.76969
"mult"	4	0.410301131627057	0.0538928814348765	0.323527077627251	3.33177194086882	0.3188	0.31369	0.32965	0.33197	0.04182	0.68843	-15.7295	-29.32902	0.403946643210506	0.38786	0.37545	0.42994	0.42253	0.99408	0.05411	24.96514	-2.99458	0.672789350773066	0.65489	0.6364	0.69991	0.69995	0.82712	0.29242	-2.02992	-32.96933
"mult"	4	0.153468924399931	0.12488370219944	0.303583299835222	1.00149423437656	0.36457	0.19139	0.32838	0.33	0.48148	0.19623	4.35267	-0.85627	0.183231491773604	0.22642	0.07234	0.21083	0.22333	0.73128	0.14126	9.61119	-9.29509	0.216255754370718	0.26441	0.10909	0.24188	0.24965	0.71724	0.14491	9.20372	-6.28809
"mult"	4	0.497062724537682	0.075854564725887	0.322776794381733	4.64495641342753	0.31505	0.31056	0.32974	0.33576	-0.19349	1.11829	-23.49179	-34.80281	0.505058838140474	0.44582	0.48011	0.55057	0.54374	0.99158	0.09393	16.1396	-4.59343	0.929872080708312	0.87741	0.8817	0.97391	0.98647	0.70604	0.55499	-12.28224	-36.57812
"mult"	4	0.151714675570838	0.174092138418928	0.108390923282162	2.43482700166528	0.10536	0.07551	0.13201	0.12068	0.54528	0.1845	5.33864	-4.38836	0.18291518701386	0.20711	0.10251	0.22361	0.19843	0.73067	0.14199	9.5284	-4.69522	0.229431261201557	0.23722	0.14733	0.28003	0.25314	0.64956	0.16197	7.42254	-4.37619
"mult"	4	0.266253936977591	0.209933329431806	0.0723982560909421	4.94034764300072	0.08463	0.06402	0.06169	0.07924	0.65364	0.20658	3.53012	-2.55891	0.226389537953255	0.26219	0.20411	0.19804	0.24121	0.58667	0.22567	2.11606	-5.23912	0.318631178670922	0.37219	0.28235	0.2728	0.34718	0.67678	0.19956	4.08333	-2.79058
"mult"	4	0.488000798609573	0.0943100320291705	0.323966155263334	4.45318664760158	0.34094	0.30846	0.31857	0.32789	-0.12271	1.04548	-22.4146	-25.55926	0.496403979762033	0.56009	0.44178	0.46115	0.52259	0.98598	0.11685	12.6467	-2.31897	0.897993810484632	0.98113	0.83028	0.86277	0.9178	0.73019	0.51252	-11.00837	-18.96499
"mult"	4	0.437998110265471	0.119633809255902	0.327457223502797	3.80768907934215	0.3356	0.32612	0.31294	0.33517	-0.13348	0.88291	-19.71042	-31.87103	0.441104282280144	0.43571	0.42991	0.42149	0.47731	0.98402	0.10482	14.38451	-2.13573	0.773010015477865	0.78562	0.7625	0.7323	0.81162	0.73769	0.42474	-8.00242	-18.21363
"mult"	4	0.133415009104647	0.217744225345086	0.338912797052663	0.645907147366396	0.41385	0.34918	0.2769	0.31573	-0.00972	0.18777	5.05784	-6.60737	0.101219246459146	0.17761	0.13246	0.0414	0.05341	-0.54283	0.2321	1.66623	-20.37972	0.118986470551966	0.19361	0.14461	0.05958	0.07815	-0.36379	0.21822	2.65306	-17.71317
"mult"	4	0.102806425106246	0.0779235505615361	0.148579485917484	0.987924736828352	0.12902	0.0892	0.22718	0.14892	0.70057	0.07709	19.30205	-3.75278	0.107703340813797	0.09479	0.06555	0.1778	0.09267	0.81016	0.06138	22.94737	-5.67866	0.122136656081063	0.10658	0.07412	0.19568	0.11217	0.79029	0.06451	22.15107	-4.0471
"mult"	4	0.278573595080525	0.0621755595784634	0.309667189826605	2.06682651145556	0.30843	0.31381	0.29989	0.31654	0.19187	0.3668	-5.6561	-20.56381	0.279263113696267	0.27317	0.29459	0.25964	0.28966	0.97564	0.06368	22.35895	-1.67226	0.404805093993565	0.39974	0.41896	0.38166	0.41886	0.87927	0.14178	9.55305	-13.86548
"mult"	4	0.258504660672043	0.0823506728047505	0.151957863399975	2.89932160784369	0.17297	0.15414	0.14553	0.13519	0.6627	0.22038	2.49541	-7.60647	0.262082310700548	0.30367	0.262	0.23811	0.24456	0.94969	0.08511	17.71797	-1.99271	0.363414003687573	0.41786	0.36585	0.34069	0.32926	0.83872	0.15239	8.39787	-3.59232
"mult"	4	0.271490935410839	0.0251876207767054	0.322095433928454	1.846812019302	0.31439	0.32781	0.32617	0.32001	0.28236	0.32485	-3.71271	-33.79448	0.269574956726998	0.26353	0.27233	0.26981	0.27263	0.99596	0.02437	37.72507	-4.00227	0.380315001680494	0.37036	0.3869	0.38293	0.38106	0.90122	0.12052	12.15223	-26.63503
"mult"	4	0.22190129510127	0.0425817702198401	0.323582390058165	1.44686068928402	0.32963	0.33777	0.29092	0.33601	0.32627	0.25239	0.32532	-19.30247	0.226857313822123	0.22867	0.2432	0.18594	0.24961	0.96984	0.0534	25.17469	-1.66947	0.302458860215158	0.3066	0.31975	0.25665	0.32683	0.88514	0.10421	14.47831	-5.29354
"mult"	4	0.469428971013986	0.100333790411241	0.319571501618483	4.25322984678176	0.32795	0.32375	0.30803	0.31855	-0.13563	0.97358	-21.27467	-28.45744	0.470520395613122	0.50854	0.45463	0.4538	0.46511	0.9925	0.07913	18.88297	-3.89841	0.842370480315598	0.88342	0.8444	0.80515	0.8365	0.74576	0.46066	-9.3014	-30.00082
"mult"	4	0.145888218854088	0.16013480105903	0.168617766947471	1.22798552272352	0.21716	0.10209	0.24012	0.1151	0.58275	0.12576	11.47069	-6.1463	0.137288780325268	0.17948	0.0909	0.20636	0.07241	0.41238	0.14924	8.73165	-8.87863	0.164752220636845	0.21453	0.10461	0.24365	0.09622	0.5247	0.13423	10.42862	-7.53107
"mult"	4	0.272464374336414	0.0434538691770285	0.3301047847562	1.80265940675481	0.33025	0.33133	0.3208	0.33804	0.26209	0.3291	-3.92075	-29.18131	0.26885613139619	0.26417	0.27376	0.26995	0.26755	0.98347	0.04926	26.46844	-2.50654	0.379217783722902	0.37731	0.38307	0.37397	0.38253	0.88422	0.13036	10.89653	-9.97546
"mult"	4	0.0560127792996354	0.155741802591365	0.0415673880606693	2.27569844993084	0.06765	0.04493	0.04828	0.00542	0.32394	0.15054	8.59318	-10.8688	0.0841885549938141	0.13304	0.11057	0.10707	-0.01392	0.2789	0.15548	8.07713	-11.0507	0.0903239768334447	0.14511	0.10479	0.10783	0.00356	0.3194	0.15105	8.53963	-10.87072
"mult"	4	0.0649156889994629	0.196441025822423	0.0348864004303491	0.642208022500886	0.46044	-0.08197	-0.22632	-0.01261	0.5379	0.13073	10.85054	-7.74383	0.0410300728319415	0.28519	-0.01098	-0.0964	-0.01369	0.59157	0.12291	11.8382	-4.9361	0.035751297203038	0.2812	-0.0177	-0.10428	-0.01621	0.59614	0.12222	11.92836	-5.0871
"mult"	4	0.448973619553726	0.0259143219445832	0.327533732674546	3.84326576538156	0.3251	0.3285	0.32885	0.32768	-0.05187	0.85756	-19.24432	-39.72543	0.449668662823937	0.4452	0.45501	0.45033	0.44812	0.9998	0.01181	49.31339	-4.15276	0.784396402908322	0.77656	0.78991	0.78752	0.78361	0.77776	0.39418	-6.8077	-71.01488
"mult"	4	0.314271626365371	0.036860465654172	0.324954119532397	2.30412838729511	0.32251	0.32461	0.31827	0.33442	0.16316	0.44296	-8.67457	-35.42614	0.316209567462492	0.3141	0.31543	0.30245	0.33286	0.99633	0.02933	34.76564	-0.9694	0.473541333970627	0.46885	0.47261	0.45853	0.49417	0.86317	0.17911	5.81263	-26.24592
"mult"	4	0.451379302353598	0.21898724953644	0.311131059611438	4.44833531148755	0.30199	0.29448	0.32488	0.32318	-0.22746	1.10955	-23.36622	-10.41817	0.48866657585135	0.3985	0.41859	0.50894	0.62862	0.90049	0.31591	-3.26634	-3.07223	0.857598069410505	0.79372	0.76221	0.90278	0.97167	0.64108	0.59998	-13.5294	-4.9971
"mult"	4	0.257628448365722	0.133049251220655	0.375757392023839	1.54011042467446	0.38703	0.38538	0.43175	0.29887	0.15167	0.35409	-5.09178	-5.1292	0.257158993094446	0.30374	0.21169	0.28122	0.23198	0.85505	0.14637	9.04306	-3.46265	0.35514070343396	0.39851	0.31747	0.39387	0.31071	0.77266	0.1833	5.44272	-3.03195
"mult"	4	0.40734448422445	0.0231956228963099	0.327347864163808	3.30319856935606	0.32828	0.32742	0.3296	0.32409	0.00741	0.71041	-16.23239	-39.88631	0.40699139317831	0.40714	0.40559	0.41503	0.4002	0.99949	0.01617	44.2887	-1.5456	0.67655241009014	0.67739	0.67616	0.68551	0.66715	0.80223	0.31711	-3.32679	-51.85311
"mult"	4	0.257262391794939	0.22345478751231	0.0670574645019652	5.98812223834129	0.07125	0.07497	0.05412	0.06788	0.71519	0.20842	3.38852	-1.10107	0.258882977480554	0.2806	0.30788	0.19793	0.24913	0.76316	0.19006	4.86398	-4.91758	0.366357049006173	0.39076	0.41548	0.29272	0.36647	0.75688	0.19256	4.65442	-1.43477
"mult"	4	0.463438466726802	0.117708291334566	0.326947921913816	4.00136562130353	0.31901	0.35122	0.30777	0.32978	-0.05625	0.91915	-20.35405	-21.12857	0.466921028342859	0.4042	0.54638	0.43082	0.48629	0.97181	0.15015	8.63484	-3.28184	0.817255842680307	0.7698	0.92355	0.74638	0.8293	0.74765	0.44926	-8.90063	-10.66589
"mult"	4	0.370603106322233	0.242615805880632	0.316807146613907	3.19184555011996	0.31632	0.30677	0.28639	0.35774	0.09384	0.64608	-14.71366	-8.86393	0.379632992290371	0.3751	0.35081	0.32472	0.4679	0.87404	0.24088	1.07233	-3.25951	0.625156053558961	0.63051	0.58933	0.53343	0.74735	0.78774	0.31269	-3.1023	-2.21871
"mult"	4	0.354067409178242	0.230714969162364	0.314643215138184	2.66546331411844	0.32269	0.32034	0.30383	0.31171	0.23011	0.46516	-9.45713	-9.95284	0.333098654195499	0.32934	0.33458	0.33455	0.33393	0.88403	0.18053	5.68639	-3.90026	0.521589405391711	0.5272	0.53036	0.50934	0.51946	0.86917	0.19175	4.72171	-3.65483
"mult"	4	0.0549506236915477	0.181632928783074	0.0651019606271035	0.548655329678208	-0.10952	0.27049	-0.0396	0.13904	-0.00664	0.18864	4.98351	-9.69217	0.0165222321360775	-0.05056	0.05793	-0.00519	0.06391	-0.12905	0.19978	4.06539	-13.4823	0.0209879101237934	-0.05233	0.0805	-0.0094	0.06518	-0.07757	0.19517	4.43874	-13.39579
"mult"	4	0.213624616141897	0.0259829580900259	0.311585512922776	1.41257649035673	0.30055	0.32084	0.30342	0.32154	0.31637	0.24239	0.97236	-27.35768	0.217940856456495	0.21158	0.21739	0.20584	0.23695	0.98383	0.03728	30.92693	-3.58795	0.286894464391304	0.27761	0.29129	0.27325	0.30543	0.88673	0.09866	15.3538	-13.24131
"mult"	4	0.380619360122364	0.197390617162455	0.306985500667169	3.18213119287513	0.32092	0.29618	0.3078	0.30304	-0.11579	0.69468	-15.87418	-14.38612	0.374010339289029	0.43755	0.34541	0.37921	0.33387	0.93945	0.16183	7.43678	-2.52258	0.606279318621682	0.6664	0.56915	0.60962	0.57995	0.73781	0.33674	-4.28812	-8.43092
"mult"	4	0.102089669392444	0.0723814112134278	0.1047068351046	1.21577471032244	0.07123	0.13097	0.07006	0.14657	0.8448	0.04673	27.31055	-0.79414	0.0984529827663344	0.06466	0.12371	0.06271	0.14273	0.88214	0.04072	29.51224	-3.88739	0.111347697083975	0.0742	0.13971	0.07249	0.15898	0.88171	0.0408	29.48294	-1.99455
"mult"	4	0.285207083856221	0.166411252343096	0.0864059967551166	5.13112523295852	0.09324	0.08078	0.09308	0.07852	0.69501	0.25317	0.27634	-1.20235	0.284648826803895	0.32944	0.25647	0.31143	0.24125	0.8276	0.19034	4.84011	-6.37129	0.397239582323178	0.43556	0.36696	0.43083	0.35561	0.76026	0.22446	2.202	-2.32753
"mult"	4	0.0704052452812903	0.219654324115254	0.026641133891304	4.22304414147255	0.01705	0.02197	0.03416	0.03338	0.27234	0.14747	8.92351	-3.98726	0.0998701385578612	0.06187	0.08773	0.13499	0.11489	0.33268	0.14122	9.61594	-6.10071	0.10948619774065	0.06939	0.09139	0.14172	0.13543	0.29028	0.14564	9.12322	-4.41544
"mult"	4	0.236091365886387	0.0201452961773612	0.316612090112178	1.57904468242592	0.31458	0.31882	0.31434	0.31871	0.31445	0.268	-0.63465	-32.71148	0.237728706080004	0.23687	0.23827	0.23063	0.24515	0.99599	0.02051	40.48982	-2.43358	0.322426283727395	0.31993	0.32392	0.31645	0.3294	0.9063	0.09908	15.28673	-22.6921
"mult"	4	0.249073527101427	0.0110940769664012	0.316616759955241	1.68668796441937	0.31524	0.31679	0.31535	0.31908	0.30307	0.28762	-1.76502	-33.84363	0.249300562078419	0.24786	0.24975	0.24738	0.25222	0.99981	0.00469	64.08467	-1.42463	0.343273817822082	0.34128	0.34376	0.34107	0.34698	0.90874	0.10408	14.49908	-62.92686
"mult"	4	0.285153364867438	0.0245212760055438	0.320483088034886	2.0198036929303	0.31493	0.32348	0.31689	0.32664	0.21736	0.37218	-5.88918	-33.66891	0.286490217628964	0.28002	0.29649	0.28247	0.28697	0.99739	0.02149	39.73898	-5.5512	0.412589206439019	0.40322	0.42243	0.40661	0.41809	0.87859	0.14659	9.01914	-38.14027
"mult"	4	0.157459789270069	0.127779751433991	0.0918231058732405	2.16342802756785	0.05495	0.04676	0.14918	0.1164	0.73057	0.11259	13.24059	-3.21546	0.146357725654269	0.08646	0.07252	0.24955	0.1769	0.73953	0.11071	13.51109	-5.02881	0.175953424647915	0.10625	0.08741	0.29184	0.21831	0.75372	0.10765	13.95923	-3.64304
"mult"	4	0.115179329772945	0.165087187720928	0.103693403861742	1.5067991796824	0.09292	0.05275	0.14008	0.12902	0.38688	0.16804	6.83388	-6.49718	0.117743103839189	0.08523	0.04827	0.18761	0.14986	0.50045	0.15168	8.47268	-6.71512	0.135542135777433	0.10996	0.06221	0.19853	0.17147	0.46071	0.1576	7.86034	-6.51486
"add"	4	0.193359765328933	0.233027569891419	0.263850603173162	1.2005897446018	0.31103	0.20516	0.33147	0.20774	0.32841	0.28441	-1.58575	-11.91083	0.185072120815833	0.16183	0.12112	0.30003	0.15731	0.4481	0.25783	-0.01545	-9.65917	0.225548240959552	0.21625	0.17333	0.32954	0.18307	0.45442	0.25635	0.07665	-9.49558
"add"	4	0.160510242532473	0.0307430913671851	0.279646194509382	0.864738208167838	0.265	0.29427	0.29336	0.26596	0.64397	0.08987	16.84702	-12.05695	0.134445035997217	0.1283	0.14141	0.14068	0.12739	0.94321	0.03589	31.53267	-3.12925	0.161721395054176	0.15366	0.17081	0.16961	0.15281	0.96768	0.02708	36.04108	-2.54417
"add"	4	0.135189299902413	0.15391723823268	0.0283441922916055	4.1431786500189	0.01335	0.03308	0.0514	0.01555	0.32756	0.16835	6.80391	-10.43177	0.0948842567767715	0.05299	0.10876	0.18361	0.03418	0.29464	0.17243	6.42149	-10.3208	0.111467691612061	0.05521	0.12932	0.20541	0.05594	0.32534	0.16863	6.7775	-10.36899
"add"	4	0.415855131857097	0.123705952311866	0.329021985886138	2.01319082494298	0.30508	0.32424	0.32291	0.36386	0.47012	0.29914	-2.3933	-11.00088	0.287247653226107	0.23944	0.29515	0.28134	0.33306	0.88819	0.13741	10.05375	-8.6239	0.417866084536029	0.36376	0.42231	0.40855	0.47684	0.93678	0.10333	14.61431	-2.21102
"add"	4	0.396419561502989	0.0868181946570985	0.315322370180635	1.96200883388159	0.32574	0.31248	0.27502	0.34804	0.62473	0.23106	1.73848	-2.85608	0.271407109925972	0.26163	0.27989	0.22331	0.3208	0.72517	0.19773	4.23064	-11.48658	0.39044417075787	0.3918	0.39312	0.32621	0.45064	0.9106	0.11277	13.21517	-3.26781
"add"	4	0.43115379755618	0.0699738637194969	0.327952677826572	2.12366572220901	0.3152	0.36168	0.30505	0.32989	0.58533	0.25492	0.16578	-14.76322	0.29136516485973	0.27424	0.34329	0.2541	0.29383	0.78598	0.18314	5.4569	-15.94676	0.43424634675533	0.41041	0.50275	0.38637	0.43745	0.98521	0.04814	26.83582	-1.44471
"add"	4	0.207628214452416	0.069483213883359	0.167846784187904	1.61925417591218	0.17926	0.15238	0.15266	0.18708	0.89164	0.06984	20.8825	-1.91199	0.175215343997856	0.18922	0.15721	0.15326	0.20117	0.87796	0.07411	19.93121	-10.1533	0.219365172118203	0.23579	0.19853	0.19463	0.24851	0.94261	0.05083	25.96679	-3.94625
"add"	4	0.341313282144256	0.0980150136747397	0.109256084557324	3.35990398878363	0.1029	0.11406	0.11723	0.10282	0.95273	0.06148	22.92147	-1.98885	0.230004156903822	0.21768	0.2363	0.25127	0.21477	0.65331	0.1665	6.98066	-17.0933	0.315820999320668	0.29853	0.32768	0.34097	0.2961	0.91707	0.08144	18.42371	-5.79789
"add"	4	0.386308342730626	0.177588499325793	0.0832456188594093	5.27661495189569	0.05171	0.0848	0.10933	0.08714	0.79995	0.19862	4.15899	-3.87448	0.29025139548401	0.16086	0.29257	0.42545	0.28213	0.81995	0.18843	5.00144	-12.1277	0.398469535951432	0.24259	0.40393	0.53681	0.41055	0.83251	0.18174	5.58022	-6.47631
"add"	4	0.289428825001232	0.167052351753227	0.0910326494436656	3.7162148154046	0.04696	0.11867	0.09488	0.10363	0.88807	0.10146	14.90721	-1.77966	0.223455068225416	0.10846	0.28961	0.24099	0.25476	0.80612	0.13353	10.51243	-8.71949	0.299811336110431	0.15004	0.39119	0.31619	0.34183	0.90401	0.09396	16.13601	-3.08925
"add"	4	0.391669219092	0.229904564213939	0.18672585663448	2.71566180098117	0.13537	0.16894	0.22909	0.21351	0.64491	0.25803	-0.02811	-1.99441	0.276442170677561	0.19116	0.22363	0.39679	0.29418	0.69543	0.23897	1.19958	-7.00934	0.39490823030492	0.27632	0.33679	0.52542	0.4411	0.75668	0.21359	2.99583	-3.62151
"add"	4	0.333512620895635	0.0644728628103621	0.332178770458981	1.5454098764492	0.34387	0.34909	0.27738	0.35838	0.60011	0.19224	4.68113	-15.5713	0.236214697019586	0.26224	0.23287	0.18875	0.261	0.8536	0.11632	12.71998	-11.98614	0.324202611079498	0.35177	0.32891	0.26064	0.35549	0.9645	0.05728	24.05379	-4.90743
"add"	4	0.315765058237594	0.092052249761764	0.323108993085805	1.52600589796935	0.32515	0.31615	0.3544	0.29674	0.49007	0.21527	2.87077	-19.76155	0.231648161041184	0.23478	0.22433	0.26832	0.19916	0.94518	0.07059	20.71176	-5.88205	0.314832663344122	0.31864	0.30533	0.35851	0.27685	0.9617	0.059	23.58102	-4.2318
"add"	4	0.251908193714917	0.185632467851974	0.304131723350914	1.36438786339272	0.21994	0.32198	0.32734	0.34727	0.19577	0.28343	-1.53021	-4.87113	0.204432022050692	0.17868	0.24596	0.17229	0.2208	0.65866	0.18465	5.32582	-4.33224	0.271031177909089	0.22256	0.31018	0.25291	0.29847	0.61459	0.19621	4.35441	-4.06828
"add"	4	0.103965438634623	0.119668351835571	0.266713289607407	0.776328749732465	0.15464	0.34089	0.32636	0.24497	-0.02251	0.17829	5.88628	-4.10819	0.120082272988956	0.07312	0.16611	0.15227	0.08883	0.68184	0.09945	15.226	-1.28109	0.14003875204735	0.08514	0.18948	0.17573	0.10981	0.56122	0.11679	12.65449	-1.89338
"add"	4	0.060767847741954	0.198484013148118	0.048799911450827	1.1487202790413	0.12056	0.04209	0.06155	-0.02899	0.18311	0.16703	6.93001	-14.34586	0.0570143226279964	0.15904	0.01448	0.05828	-0.00375	0.13266	0.17211	6.45059	-16.11934	0.0556126092526085	0.14536	0.03308	0.06291	-0.0189	0.17391	0.16797	6.84039	-15.20463
"add"	4	0.342479310277849	0.0565026054391637	0.0554022350025007	6.8767365586722	0.05958	0.0533	0.05034	0.05838	0.98129	0.04509	27.88241	-2.1789	0.25354329953261	0.27535	0.24199	0.23271	0.26412	0.84745	0.12874	11.09573	-21.67739	0.354258193830964	0.3819	0.34025	0.32223	0.37267	0.9858	0.03928	30.09116	-3.57029
"add"	4	0.0953620726941153	0.188139161211438	0.0863563009763055	0.661667135992019	0.52542	-0.16134	0.11441	-0.13306	0.22762	0.17675	6.02552	-11.2137	0.0699014181759091	0.27421	-0.02331	0.07311	-0.04441	0.41204	0.15421	8.2081	-7.67951	0.0712569144708252	0.29192	-0.03331	0.0755	-0.04908	0.41771	0.15346	8.28565	-7.97912
"add"	4	0.351206245168578	0.16351445869077	0.192307999948572	2.39866320952838	0.19312	0.18862	0.24501	0.14248	0.85327	0.14234	9.48971	-4.40034	0.26532722189874	0.25716	0.27041	0.3774	0.15633	0.80042	0.16601	7.02874	-15.03214	0.363882585707342	0.35973	0.36329	0.48926	0.24325	0.91133	0.11065	13.51872	-7.86553
"add"	4	0.0979181547067128	0.0856422340148129	0.290900356940673	0.590933223263837	0.30739	0.21605	0.31693	0.32323	0.3976	0.11441	12.98468	-4.66422	0.107646094994582	0.10856	0.04599	0.14719	0.12884	0.65997	0.08596	17.55973	-7.62192	0.121056001001488	0.12206	0.06365	0.15712	0.1414	0.6475	0.08752	17.27161	-6.01781
"add"	4	0.481336478574667	0.138310377951711	0.13616137453133	4.08476542003626	0.1068	0.15077	0.146	0.14107	0.80786	0.18549	5.25284	-1.50928	0.296326715606951	0.22018	0.30814	0.32996	0.32703	0.52289	0.2923	-2.02346	-8.12594	0.455249414321863	0.34621	0.49448	0.49517	0.48513	0.82919	0.1749	6.19408	-2.606
"add"	4	0.0942730220733211	0.126327587466221	0.420706703351181	0.535785356131812	0.43889	0.48946	0.36751	0.38697	-0.24494	0.20087	3.97822	-6.49371	0.115544621065971	0.13155	0.10828	0.05763	0.16471	0.50682	0.12643	11.386	-4.49567	0.131483206583071	0.14426	0.13016	0.07681	0.1747	0.44865	0.13368	10.49396	-4.20304
"add"	4	0.469075056258589	0.194122284534387	0.0473195777726795	9.81945188339427	0.03769	0.05455	0.04717	0.04987	0.95979	0.08016	18.67702	-2.39589	0.290992415008014	0.22837	0.34154	0.28778	0.30628	0.74813	0.20063	3.99802	-11.89905	0.435034253533638	0.34495	0.50368	0.43299	0.45851	0.96177	0.07816	19.08012	-0.68438
"add"	4	0.345204615895636	0.191378819930833	0.347893504834781	1.52845835350318	0.26056	0.44654	0.33399	0.35049	0.59775	0.24068	1.08526	-3.60192	0.25354516232669	0.19525	0.36379	0.19947	0.25566	0.68461	0.21312	3.03141	-10.1098	0.34479445018269	0.26998	0.47442	0.29266	0.34211	0.78814	0.17467	6.21427	-6.08119
"add"	4	0.158355451363605	0.156449330388568	0.354565782196514	0.956226161058103	0.29254	0.48403	0.30857	0.33312	0.24963	0.22471	2.18399	-2.35234	0.174644316906593	0.11077	0.33092	0.13481	0.12208	0.74817	0.13018	10.91845	-4.71269	0.212589928753276	0.14817	0.37175	0.16743	0.16301	0.70913	0.13991	9.76554	-3.88479
"add"	4	0.336422159173526	0.0499461687868461	0.0714244359355927	5.01535439265548	0.07356	0.07267	0.06638	0.07309	0.96909	0.05099	25.91454	-3.4443	0.234486210977654	0.2392	0.24421	0.22171	0.23283	0.72789	0.15128	8.51445	-15.12781	0.324414212593157	0.33332	0.33218	0.30251	0.32965	0.95381	0.06233	22.70186	-4.49509
"add"	4	0.406429668958299	0.101306962722447	0.04733157847009	9.0036001922195	0.04273	0.04605	0.04873	0.05182	0.92646	0.10766	13.95794	-3.04988	0.280526681947103	0.24315	0.2654	0.30663	0.30693	0.85794	0.14963	8.69045	-11.75637	0.4009169394111	0.35975	0.38799	0.41675	0.43918	0.93899	0.09806	15.45217	-3.46769
"add"	4	0.415561393823009	0.175180221616756	0.21821260241726	2.86705075987395	0.21343	0.19945	0.25267	0.20729	0.50203	0.36828	-5.72022	-4.72238	0.318045514438253	0.26114	0.37119	0.38449	0.25536	0.81153	0.22656	2.05259	-8.84262	0.465801421861968	0.42559	0.47556	0.54947	0.41259	0.76533	0.25281	0.29864	-5.26173
"add"	4	0.114452738524415	0.203443611157127	0.263926361713761	0.732810329911116	0.1888	0.31367	0.23676	0.31647	0.19162	0.19875	4.14847	-2.91617	0.131198464884749	-0.01177	0.19124	0.1451	0.20022	0.2917	0.18604	5.20581	-15.22012	0.14078904460514	0.03757	0.18896	0.13962	0.19701	0.41282	0.16939	6.70614	-10.43773
"add"	4	0.425918464397546	0.0140783709939569	0.343953644511674	1.98411776866269	0.34607	0.34004	0.34304	0.34666	0.60659	0.24259	0.95929	-27.31891	0.288041486315799	0.29045	0.28362	0.28544	0.29265	0.81934	0.16439	7.18511	-27.33288	0.424722300059921	0.42783	0.41844	0.42225	0.43036	0.99882	0.0133	47.41762	-2.18987
"add"	4	0.311070802703034	0.0150147165404633	0.331049366313214	1.47757343687983	0.32161	0.33152	0.3331	0.33796	0.62374	0.17539	6.14911	-27.42928	0.228804989969569	0.22072	0.22834	0.22762	0.23854	0.90057	0.09016	16.79547	-27.91162	0.310700404637635	0.29985	0.31085	0.31026	0.32185	0.99761	0.01399	46.61132	-2.99761
"add"	4	0.446351330250036	0.00362614192999899	0.348290139936375	2.06500096547127	0.34846	0.34742	0.34999	0.34728	0.60487	0.25735	0.01402	-30.72103	0.299336183412216	0.29905	0.29832	0.30063	0.29934	0.81884	0.17426	6.25268	-35.5802	0.446774241160627	0.44663	0.44536	0.44899	0.44611	0.99996	0.0027	72.9392	-8.30978
"add"	4	0.28203368462855	0.147762769716792	0.0836065855522646	4.09609475220615	0.06244	0.08707	0.09238	0.09254	0.82784	0.12467	11.61094	-1.76587	0.22211801058457	0.17114	0.23302	0.23679	0.24752	0.77992	0.14095	9.64642	-4.64499	0.303896675145106	0.22879	0.31703	0.33243	0.33733	0.85974	0.11252	13.25065	-1.64518
"add"	4	0.174138793384191	0.0966621683328412	0.106214883059166	1.7795915629899	0.1421	0.10605	0.09423	0.08249	0.78212	0.07981	18.74716	-5.06232	0.135704970842147	0.181	0.14597	0.1213	0.09455	0.65078	0.10104	14.97311	-8.6574	0.163184181235031	0.21828	0.16969	0.14469	0.12008	0.7534	0.08491	17.7564	-6.3706
"add"	4	0.110575299873017	0.0852916717412882	0.256304450835645	0.794904661992116	0.21769	0.23283	0.30267	0.27204	0.21493	0.14448	9.25026	-1.84415	0.118269134364306	0.08424	0.1073	0.15271	0.12884	0.71201	0.08751	17.273	-2.61561	0.138783267908917	0.10488	0.12474	0.1747	0.15081	0.64208	0.09756	15.53404	-1.22594
"add"	4	0.345732236478943	0.181581097072922	0.0559567320356911	6.94018526732027	0.0579	0.05569	0.05116	0.05908	0.88538	0.12206	11.94885	-2.47167	0.257761634383807	0.25427	0.25291	0.24811	0.27575	0.87671	0.12659	11.36559	-6.87618	0.360618586479436	0.3703	0.35826	0.33266	0.38126	0.91055	0.10783	13.9321	-2.23949
"add"	4	0.385755110089667	0.201018932508305	0.0562600962219	7.83409686705549	0.04477	0.04929	0.06321	0.06777	0.84153	0.16584	7.04498	-4.04614	0.283541022314138	0.20247	0.24429	0.34776	0.33966	0.64875	0.2469	0.67721	-11.73705	0.408855430220505	0.31915	0.35623	0.46736	0.49268	0.83472	0.16937	6.70801	-5.41272
"add"	4	0.0687431685742922	0.0772319080424495	0.0779915233493966	1.03954582906268	0.11186	0.07324	0.00145	0.12541	0.55396	0.08727	17.31658	-11.33287	0.073093821896472	0.09348	0.08155	-0.00486	0.12221	0.52007	0.09053	16.73065	-13.92784	0.0764175032709548	0.10336	0.07903	-0.00156	0.12484	0.54517	0.08813	17.16049	-12.91353
"add"	4	0.480498167872429	0.0461038194480352	0.340845834862747	2.28352912464988	0.3258	0.33907	0.36656	0.33195	0.61192	0.27567	-1.08627	-15.20777	0.31519353657659	0.30132	0.3037	0.3418	0.31396	0.75482	0.21912	2.58748	-22.24683	0.482606988948579	0.4594	0.47021	0.52539	0.47543	0.98632	0.05176	25.67587	-2.84232
"add"	4	0.221743941947352	0.147352143249009	0.112551347744174	2.26072243671647	0.12403	0.10703	0.16796	0.05118	0.83882	0.09208	16.45901	-4.80067	0.173363530571439	0.20149	0.14611	0.26537	0.08048	0.66018	0.1337	10.49181	-9.07209	0.218441467184586	0.24726	0.19712	0.33065	0.09874	0.8069	0.10078	15.0134	-6.22132
"add"	4	0.430535301321652	0.211399512016214	0.340756200607493	2.2026120325768	0.38853	0.3129	0.36668	0.29492	0.47316	0.35698	-5.22181	-1.00669	0.306737325682362	0.3805	0.29507	0.31416	0.23722	0.60955	0.30732	-2.82499	-10.23252	0.460042011287215	0.54812	0.42619	0.47819	0.38768	0.77073	0.23549	1.43419	-4.92939
"add"	4	0.281001714034937	0.145058699825313	0.263257108395594	1.37930794500816	0.2745	0.22102	0.20704	0.35046	0.6323	0.16507	7.11959	-4.26194	0.198810003528122	0.18506	0.14276	0.15672	0.3107	0.73756	0.13945	9.81757	-6.61007	0.255978550074658	0.25034	0.193	0.20151	0.37907	0.79374	0.12363	11.74449	-4.78695
"add"	4	0.311267338425387	0.243816086498555	0.116121755131376	2.91303782234652	0.10118	0.13896	0.14576	0.07859	0.58307	0.1912	4.76759	-5.48909	0.210339729030754	0.16623	0.25935	0.26508	0.1507	0.32414	0.24344	0.90307	-10.18415	0.285124678827013	0.23689	0.34574	0.3586	0.19927	0.54338	0.2001	4.04022	-6.80942
"add"	4	0.360060506721493	0.194627820397727	0.311768184685982	1.92324706569314	0.30657	0.25921	0.34806	0.33325	0.36864	0.33372	-4.14366	-3.59362	0.27635378280006	0.26121	0.18281	0.38076	0.28064	0.84438	0.16568	7.06017	-8.78786	0.385188923102784	0.36718	0.28102	0.48488	0.40767	0.82527	0.17556	6.13338	-2.31503
"add"	4	0.199053961795289	0.125932878057938	0.135632150491501	1.87043463710155	0.16413	0.16831	0.11843	0.09166	0.73775	0.12789	11.2024	-2.61981	0.176598351659664	0.23448	0.23338	0.14298	0.09556	0.79056	0.11429	13.00143	-9.0855	0.214820238695544	0.27119	0.27422	0.18144	0.13243	0.79432	0.11326	13.14646	-5.58776
"add"	4	0.0807526491116732	0.165252840321045	0.133148386773183	0.814887610919516	0.20621	0.08687	0.18035	0.05917	0.38874	0.10874	13.79802	-5.75684	0.0770294956653554	0.12951	0.03256	0.09996	0.04609	0.43418	0.10462	14.416	-8.63079	0.0863632189413126	0.14117	0.04347	0.11444	0.04637	0.44453	0.10366	14.5637	-7.45612
"add"	4	0.244907367613632	0.0186910883639939	0.0255972311352334	9.87980760792382	0.02473	0.02577	0.0257	0.0262	0.99534	0.0152	45.27548	-3.08335	0.189421584594693	0.18306	0.18973	0.19103	0.19387	0.9125	0.06589	21.81362	-21.92511	0.24436140819244	0.23606	0.24581	0.24547	0.25011	0.99642	0.01332	47.39432	-1.9606
"add"	4	0.0713603135896847	0.0323527139844373	0.0267539875115322	2.61489595038927	0.03166	0.02212	0.0224	0.03084	0.84147	0.02761	35.73242	-3.11151	0.0620735728095949	0.07346	0.05213	0.05116	0.07155	0.82566	0.02895	34.97191	-4.62646	0.0674742118859017	0.07985	0.05606	0.0562	0.07779	0.83996	0.02774	35.65665	-3.45233
"add"	4	0.0570418373914436	0.0865254753734916	0.207920936679565	0.413346294418156	0.16217	0.18478	0.2969	0.18783	-0.0955	0.11448	12.97505	-1.45344	0.0616847777963702	0.05122	0.04065	0.08982	0.06505	0.2366	0.09556	15.86454	-3.45997	0.066166733140877	0.05381	0.04746	0.09647	0.06693	0.18518	0.09873	15.34306	-2.83941
"add"	4	0.365038235287648	0.00236391904763877	0.340601020831962	1.70594678712219	0.33975	0.3409	0.34111	0.34065	0.62864	0.20308	3.80368	-30.62176	0.25807040243381	0.25694	0.25856	0.25809	0.25869	0.85671	0.12615	11.4219	-36.27444	0.364715446107813	0.36335	0.36529	0.36495	0.36528	0.99995	0.00239	74.88411	-2.89144
