"model"	"n.muts"	"coes"	"sigma"	"u.mean"	"d.hat.max"	"u.hats.A"	"u.hats.B"	"u.hats.C"	"u.hats.D"	"R2.stick"	"sig.stick"	"lnL.stick"	"P.stick"	"s.mean"	"s.hats.A"	"s.hats.B"	"s.hats.C"	"s.hats.D"	"R2.mult"	"sig.mult"	"lnL.mult"	"P.mult"	"w.mean"	"w.hats.A"	"w.hats.B"	"w.hats.C"	"w.hats.D"	"R2.add"	"sig.add"	"lnL.add"	"P.add"
"stick"	4	-0.460183905344456	0.175520889519248	-0.303236123912963	2.04355837644946	-0.31671	-0.39422	-0.26379	-0.23824	0.83839	0.40417	-4.13023	-5.48088	-0.0530396058022549	-0.06109	-0.07314	-0.03902	-0.03891	0.06235	0.97353	-12.92114	-8.77001	-1.00389468400533	-1.14411	-1.38089	-0.75076	-0.73982	0.19746	0.90067	-12.14317	-8.87135
"stick"	4	-0.855810640822165	0.0277991374023259	-0.624107155352609	2.04355837644946	-0.6998	-0.69371	-0.55811	-0.54481	0.85789	1.17632	-14.8133	-5.5849	-0.208647233408304	-0.27037	-0.26907	-0.14856	-0.1466	-1.21812	4.64742	-28.55251	-11.64262	-3.27066045009185	-4.21512	-4.18837	-2.35876	-2.3204	-0.67777	4.0419	-27.15654	-16.58483
"stick"	4	-0.820261291612405	0.0557861408451572	-0.593395299422828	2.04355837644946	-0.65057	-0.67616	-0.52356	-0.52328	0.85503	1.08923	-14.04407	-8.6993	-0.18664338779933	-0.23821	-0.24362	-0.13248	-0.13227	-1.13165	4.17668	-27.48454	-9.66683	-2.9983052614214	-3.78697	-3.89639	-2.15668	-2.15318	-0.63011	3.65242	-26.14329	-12.25299
"stick"	4	-0.956893015443347	0.0281709375558421	-0.710740661915495	2.04355837644946	-0.8043	-0.79401	-0.62739	-0.61726	0.84901	1.53438	-17.47063	-5.3913	-0.291628610240628	-0.37962	-0.37744	-0.20459	-0.20487	-1.63015	6.4039	-31.75846	-10.72104	-4.16286673104454	-5.43767	-5.38882	-2.91388	-2.9111	-0.92428	5.47757	-30.196	-19.42219
"stick"	4	-0.95130198841216	0.248792119789869	-0.737078322837663	2.04355837644946	-0.8677	-0.90293	-0.59503	-0.58265	0.74873	1.96432	-19.94084	-2.12511	-0.287712665443767	-0.3759	-0.38268	-0.19613	-0.19613	-1.52766	6.23013	-31.48336	-9.40878	-4.17276130248703	-5.49149	-5.64648	-2.78142	-2.77166	-0.93424	5.44997	-30.14548	-7.96881
"stick"	4	-0.179597490048036	0.121068009117153	-0.118312269337704	2.04355837644946	-0.10183	-0.17722	-0.12278	-0.07142	0.56232	0.20156	2.82735	-0.35668	-0.0142227990538868	-0.01297	-0.02151	-0.01402	-0.00839	0.32422	0.25045	0.65543	-0.83734	-0.285095916225602	-0.25837	-0.43101	-0.28251	-0.1685	0.35098	0.24544	0.85746	-0.77815
"stick"	4	-0.780432785558514	0.207328531716485	-0.564400860436183	2.04355837644946	-0.71159	-0.59758	-0.46895	-0.47949	0.80427	1.16101	-14.68229	-2.98298	-0.162528329700686	-0.2219	-0.20012	-0.11228	-0.1158	-1.01612	3.72624	-26.34338	-14.32937	-2.69701392899604	-3.70694	-3.26391	-1.87807	-1.93913	-0.59934	3.31881	-25.18546	-9.65507
"stick"	4	-0.811186612164602	0.157808013493195	-0.630693363403889	2.04355837644946	-0.73071	-0.7684	-0.49243	-0.53123	0.59798	1.84999	-19.34117	-4.14285	-0.19040012313299	-0.2459	-0.25306	-0.13203	-0.13061	-1.39588	4.51626	-28.26623	-11.1091	-3.09086399866846	-3.97591	-4.1246	-2.13154	-2.13141	-0.97491	4.10034	-27.30008	-9.97721
"stick"	4	-0.584578674915247	0.0613451817189343	-0.405957830561419	2.04355837644946	-0.45897	-0.44412	-0.35021	-0.37053	0.83957	0.60151	-8.10633	-4.67253	-0.085734338005749	-0.10881	-0.10618	-0.06245	-0.06549	-0.34092	1.73902	-18.72261	-10.7582	-1.55660556182891	-1.95722	-1.90587	-1.15225	-1.21108	-0.10446	1.57826	-17.75263	-9.93954
"stick"	4	-0.543855086422991	0.184842538787052	-0.513073471436215	1.07317556880205	-0.5894	-0.54003	-0.41494	-0.50791	0.99105	0.12599	7.52612	-0.46853	-0.0731703550928497	-0.09728	-0.0915	-0.04811	-0.05579	-0.15584	1.43194	-16.77969	-4.79694	-1.34252435616634	-1.7778	-1.6636	-0.88895	-1.03975	0.06074	1.29083	-15.74225	-4.68341
"stick"	4	-0.550920740782749	0.102041611622553	-0.492218139390348	1.19100829486578	-0.56754	-0.41415	-0.54189	-0.44529	0.99666	0.07757	12.37584	-2.19439	-0.0741261546285514	-0.10101	-0.08051	-0.06047	-0.05452	-0.06881	1.3871	-16.4615	-10.67564	-1.35774424404601	-1.84097	-1.44109	-1.136	-1.01292	0.15017	1.23687	-15.3152	-10.74717
"stick"	4	-0.30478349509649	0.125567217124626	-0.189989772756086	2.04355837644946	-0.17585	-0.24207	-0.19135	-0.15068	0.82659	0.21032	2.40181	-0.57083	-0.0264547470868757	-0.02678	-0.03559	-0.02383	-0.01962	0.41944	0.38484	-3.64001	-2.58941	-0.520076809563233	-0.52138	-0.69668	-0.4741	-0.38815	0.47819	0.36485	-3.10656	-2.33097
"stick"	4	-0.341532887029462	0.145891299995128	-0.225370528331432	2.04355837644946	-0.28455	-0.27177	-0.16438	-0.18078	0.70579	0.32147	-1.84089	-0.90105	-0.0331033807393113	-0.04367	-0.04198	-0.02197	-0.02479	0.13882	0.55	-7.21097	-2.70466	-0.645443403956097	-0.84879	-0.8152	-0.43181	-0.48598	0.21989	0.52347	-6.71663	-2.52337
"stick"	4	-0.320443958020769	0.0882439661072567	-0.200317578016691	2.04355837644946	-0.21808	-0.22318	-0.19815	-0.16186	0.92469	0.16017	5.12611	-0.75508	-0.0289874216418936	-0.03407	-0.03479	-0.02603	-0.02105	0.56278	0.38592	-3.66812	-3.15952	-0.566722554449825	-0.66129	-0.67544	-0.51406	-0.41611	0.62101	0.3593	-2.95345	-2.83056
"stick"	4	-0.457781072508078	0.0632607147563249	-0.307901110051951	2.04355837644946	-0.35521	-0.3074	-0.2845	-0.2845	0.84846	0.39112	-3.80207	-9.93541	-0.0550521406411711	-0.07025	-0.06265	-0.04337	-0.04394	-0.05546	1.03222	-13.50654	-9.82285	-1.03726032389815	-1.31278	-1.16358	-0.83149	-0.84119	0.10979	0.94798	-12.65516	-10.49424
"stick"	4	-0.689525120460894	0.121800025808625	-0.502627298847124	2.04355837644946	-0.58249	-0.516	-0.50583	-0.40619	0.79463	0.9175	-12.32839	-1.84947	-0.12502387288845	-0.16426	-0.15179	-0.09755	-0.0865	-0.77311	2.69593	-23.1068	-7.90313	-2.16850555055114	-2.83219	-2.58465	-1.74252	-1.51466	-0.42871	2.41998	-22.02697	-7.06061
"stick"	4	-0.654855585226323	0.0672809793613851	-0.633989794967499	1.04362665583636	-0.65642	-0.68223	-0.67269	-0.52462	0.99627	0.11383	8.54151	-2.34496	-0.107253944214905	-0.13599	-0.13956	-0.08101	-0.07246	-0.4577	2.24914	-21.29488	-10.2904	-1.89040366682341	-2.37429	-2.44448	-1.45969	-1.28315	-0.16078	2.00705	-20.15603	-11.4692
"stick"	4	-0.77760904377792	0.144691503432114	-0.565991094397806	2.04355837644946	-0.62929	-0.63507	-0.5174	-0.4822	0.82358	1.0858	-14.01251	-5.84041	-0.163007346222915	-0.20882	-0.21003	-0.12145	-0.11173	-0.9666	3.62518	-26.06842	-11.27857	-2.70069125464226	-3.42757	-3.45165	-2.04777	-1.87577	-0.54546	3.21367	-24.86352	-12.97749
"stick"	4	-0.324898670450784	0.244621510209981	-0.21271919272062	2.04355837644946	-0.25429	-0.24688	-0.21733	-0.13238	0.53455	0.4378	-4.92943	-1.11189	-0.0305003319488298	-0.03818	-0.03724	-0.02803	-0.01856	-0.03054	0.65143	-8.90357	-2.65343	-0.597255949575663	-0.74458	-0.72585	-0.55479	-0.36381	0.04321	0.62769	-8.5323	-2.42623
"stick"	4	-0.537186630198266	0.0779116533813067	-0.359896238712628	2.04355837644946	-0.39909	-0.40433	-0.32446	-0.3117	0.8771	0.45274	-5.26494	-5.27355	-0.0719295863665939	-0.08943	-0.09031	-0.05533	-0.05266	-0.19262	1.41035	-16.62773	-7.57567	-1.32413437814064	-1.6293	-1.64661	-1.03519	-0.98544	0.0217	1.27735	-15.63725	-7.7726
"stick"	4	-0.262928012909833	0.0651063541299663	-0.160722278373932	2.04355837644946	-0.17731	-0.17429	-0.16437	-0.12692	0.91479	0.1244	7.65302	-4.46941	-0.021845686408205	-0.02576	-0.02537	-0.01999	-0.01627	0.58225	0.27544	-0.29557	-9.03911	-0.431034315010532	-0.50502	-0.49726	-0.39901	-0.32285	0.63263	0.2583	0.34704	-8.93465
"stick"	4	-0.209046997863334	0.0953397995908745	-0.127526347220342	2.04355837644946	-0.15636	-0.12969	-0.12833	-0.09572	0.65687	0.164	4.88932	-1.17074	-0.0159244001612512	-0.02027	-0.01721	-0.0146	-0.01161	0.36325	0.22341	1.79808	-0.84734	-0.317709798242002	-0.40313	-0.34132	-0.29419	-0.2322	0.40118	0.21665	2.10515	-0.8891
"stick"	4	-0.101667919999454	0.22781981038861	-0.0294607968288155	2.04355837644946	0.10203	-0.04957	0.03144	-0.20174	-0.054	0.21948	1.97569	-2.73421	-0.00241480849329842	0.01303	-0.00553	0.00367	-0.02083	-0.16977	0.23122	1.45465	-2.72107	-0.0506532272989682	0.25968	-0.11176	0.0738	-0.42433	-0.15464	0.22972	1.51972	-2.72354
"stick"	4	-0.341322255053092	0.0266074644750915	-0.21263889939648	2.04355837644946	-0.23264	-0.22367	-0.19342	-0.20082	0.92345	0.17084	4.48086	-6.25916	-0.0320017283683483	-0.03821	-0.03694	-0.02591	-0.02695	0.44243	0.46107	-5.44725	-14.56634	-0.62186281619522	-0.73631	-0.71119	-0.5098	-0.53015	0.52342	0.42627	-4.66251	-12.53933
"stick"	4	-0.167824911710341	0.197823115449864	-0.139222422075757	2.06334334484274	-0.11743	-0.16716	-0.14728	-0.12502	-1.2698	0.4974	-6.20582	-2.65313	-0.0169134940553172	-0.01571	-0.02108	-0.01691	-0.01396	-1.64937	0.53738	-6.97897	-3.86163	-0.338772805816465	-0.31149	-0.42091	-0.34078	-0.28191	-1.60674	0.53304	-6.89788	-3.7423
"stick"	4	-0.679196148342453	0.19296842435142	-0.468714570984713	2.04355837644946	-0.49888	-0.48013	-0.48155	-0.4143	0.85373	0.76128	-10.46181	-4.12264	-0.117056677154503	-0.14659	-0.1428	-0.09604	-0.08279	-0.7278	2.61643	-22.80748	-8.04628	-2.0338635400687	-2.50949	-2.43575	-1.71954	-1.47068	-0.36355	2.32433	-21.62369	-8.17985
"stick"	4	-0.722305991547182	0.158319345617201	-0.510581405022971	2.04355837644946	-0.56665	-0.58217	-0.4197	-0.4738	0.85577	0.86493	-11.73827	-3.10694	-0.135966966750171	-0.17248	-0.17554	-0.09561	-0.10024	-0.76428	3.02511	-24.25885	-13.20277	-2.31792216041008	-2.90939	-2.9699	-1.64579	-1.74661	-0.39168	2.68675	-23.0727	-10.23654
"stick"	4	-0.261649746657349	0.126659815723542	-0.084587522703284	3.56320502689094	-0.06168	-0.08542	-0.07451	-0.11673	0.89632	0.14537	6.09539	-1.01668	-0.0181069396827131	-0.01456	-0.01958	-0.01475	-0.02354	0.83895	0.18118	3.89336	-1.22397	-0.357249452440823	-0.28259	-0.38217	-0.29499	-0.46925	0.85717	0.17062	4.49354	-1.18738
"stick"	4	-0.385411452641711	0.0607043982599862	-0.246116070521064	2.04355837644946	-0.27977	-0.25134	-0.21899	-0.23436	0.90634	0.23051	1.48507	-6.03142	-0.0394787458713813	-0.0491	-0.04488	-0.03145	-0.03249	0.29788	0.63114	-8.58709	-13.23858	-0.759090085424006	-0.93651	-0.85335	-0.61169	-0.63481	0.40435	0.58132	-7.76484	-12.99964
"stick"	4	-0.713033292326145	0.169498104951344	-0.520870664836755	2.04355837644946	-0.54697	-0.59091	-0.51576	-0.42984	0.8153	0.93949	-12.56518	-2.63915	-0.13474628981705	-0.16622	-0.17518	-0.10252	-0.09508	-0.76444	2.90374	-23.84938	-8.92062	-2.30993296030253	-2.80417	-2.97943	-1.80998	-1.64615	-0.41024	2.59598	-22.72901	-8.2356
"stick"	4	-0.675112616235856	0.0168123024050146	-0.667039777792547	1.01660771155066	-0.67309	-0.67416	-0.66859	-0.65231	0.99993	0.01599	28.1676	-1.06227	-0.115224509048985	-0.1463	-0.14645	-0.08472	-0.08342	-0.56327	2.43776	-22.1002	-11.83519	-2.0119250767294	-2.52771	-2.53073	-1.50738	-1.48188	-0.23735	2.16881	-20.93118	-16.08232
"stick"	4	-0.306237790721934	0.102644851838704	-0.239642337500529	1.32038646024272	-0.14297	-0.31905	-0.27636	-0.22019	0.97683	0.07797	12.32495	-2.8638	-0.0245344799655658	-0.01785	-0.03609	-0.02325	-0.02095	0.68921	0.28554	-0.65561	-3.83084	-0.481659819722135	-0.34436	-0.70498	-0.46374	-0.41356	0.73736	0.26249	0.18602	-3.41185
"stick"	4	-0.158675342495553	0.215879742114339	-0.152343970996218	2.18713319206914	-0.23444	-0.2363	-0.02606	-0.11258	-2.69808	0.66069	-9.04472	-0.66021	-0.0178064023869857	-0.02656	-0.02676	-0.0041	-0.01381	-1.88623	0.58368	-7.80541	-0.96114	-0.360101195570103	-0.53894	-0.54312	-0.08037	-0.27798	-1.9535	0.59045	-7.92061	-0.92592
"stick"	4	-0.744777274865192	0.0178343495936133	-0.530684889284968	2.04355837644946	-0.5845	-0.6003	-0.46956	-0.46838	0.85578	0.89229	-12.0497	-6.20786	-0.145081213590614	-0.18429	-0.18746	-0.10426	-0.10432	-0.82891	3.17753	-24.75043	-12.24255	-2.44861816627683	-3.07618	-3.13905	-1.78953	-1.78971	-0.43288	2.81254	-23.53027	-15.38563
"stick"	4	-0.98136211221572	0.121533394732978	-0.738307837270608	2.04355837644946	-0.86237	-0.82303	-0.68077	-0.58707	0.83464	1.72062	-18.61626	-3.39644	-0.318667564025209	-0.41841	-0.41008	-0.22641	-0.21977	-1.66324	6.90516	-32.51207	-12.60089	-4.42621904755213	-5.89015	-5.69826	-3.1423	-2.97416	-0.94828	5.90601	-30.9491	-12.03608
"stick"	4	-0.53696474279277	0.169888485572301	-0.377712004989001	2.04355837644946	-0.33932	-0.42933	-0.34763	-0.39457	0.81597	0.59444	-7.98805	-0.99947	-0.0759572985751183	-0.08251	-0.09805	-0.06087	-0.06239	-0.2888	1.5731	-17.71984	-5.4092	-1.39472623051101	-1.4788	-1.78296	-1.13661	-1.18053	-0.06882	1.43257	-16.78407	-4.53383
"stick"	4	-0.434654277563095	0.0442289605853148	-0.415871888020666	1.07622228848116	-0.42575	-0.41603	-0.4203	-0.40141	0.99792	0.04223	18.45692	-1.08648	-0.048535499949858	-0.05922	-0.05814	-0.03883	-0.03795	0.23154	0.81135	-11.09887	-9.68871	-0.920866583772554	-1.11267	-1.09148	-0.74892	-0.7304	0.36252	0.73898	-10.16451	-9.47316
"stick"	4	-0.475025653361809	0.0446242173784412	-0.313629888307405	2.04355837644946	-0.33602	-0.34537	-0.26661	-0.30653	0.90041	0.33588	-2.27951	-2.18719	-0.056823345090392	-0.06833	-0.06983	-0.04267	-0.04645	0.09718	1.0113	-13.30175	-7.55258	-1.06794502988495	-1.26974	-1.29914	-0.81209	-0.89081	0.25049	0.92144	-12.37122	-6.57953
"stick"	4	-0.0781760247773491	0.201142378384247	-0.0225236812896649	2.04355837644946	-0.01618	0.05056	-0.01115	-0.11332	-0.31493	0.19465	3.17591	-3.12921	-0.00212872854958915	-0.00148	0.00564	-0.00078	-0.0119	-0.34887	0.19715	3.04851	-3.08021	-0.0437928917298679	-0.03062	0.11412	-0.01674	-0.24194	-0.34466	0.19684	3.06412	-3.08313
"stick"	4	-0.692189881682862	0.144560720073059	-0.610381068130516	1.2161068196781	-0.5933	-0.60624	-0.57979	-0.66219	0.99563	0.13259	7.01541	-0.39659	-0.119635813382311	-0.14851	-0.15052	-0.08606	-0.09345	-0.5585	2.50467	-22.37097	-10.82518	-2.0663278184654	-2.5241	-2.56369	-1.51606	-1.66147	-0.18764	2.18645	-21.0122	-10.90329
"stick"	4	-0.523523013468366	0.216155149682891	-0.353735947072324	2.04355837644946	-0.41354	-0.38757	-0.25209	-0.36174	0.82154	0.53673	-6.96676	-5.99472	-0.068518683496384	-0.08817	-0.08361	-0.04687	-0.05542	-0.13942	1.35619	-16.23617	-7.02681	-1.26989148655898	-1.62223	-1.53388	-0.86887	-1.05459	0.04196	1.24357	-15.36926	-7.17184
"stick"	4	-0.0626846388098784	0.246046331420075	-0.0809366146030485	2.35559615288673	-0.19576	-0.11896	-0.04454	0.03551	-6.05183	0.53744	-6.98002	-2.64543	-0.00904337870399363	-0.02095	-0.01313	-0.00558	0.00348	-4.51164	0.47514	-5.7479	-2.63249	-0.185215355917499	-0.43108	-0.26924	-0.11301	0.07247	-4.64199	0.48072	-5.86478	-2.63306
"stick"	4	-0.894215411401819	0.194351276208181	-0.665770510791828	2.04355837644946	-0.68065	-0.68244	-0.63728	-0.66272	0.82395	1.43011	-16.76693	-6.3384	-0.24625647458659	-0.31183	-0.31221	-0.17937	-0.18161	-1.68377	5.58379	-30.38806	-9.71313	-3.68600151385838	-4.59133	-4.59947	-2.75082	-2.80239	-0.97399	4.78883	-28.85224	-11.80063
"stick"	4	-0.564302818058059	0.0814478051615879	-0.382330014913073	2.04355837644946	-0.43949	-0.39364	-0.35872	-0.33747	0.8592	0.51581	-6.56929	-7.55647	-0.0792228758483298	-0.10209	-0.09433	-0.0616	-0.05887	-0.34524	1.5944	-17.85435	-8.30384	-1.44542468994037	-1.8471	-1.69433	-1.14729	-1.09298	-0.09765	1.44022	-16.83734	-8.83144
"stick"	4	-0.199912117153872	0.104493412422016	-0.122210989658434	2.04355837644946	-0.08776	-0.16192	-0.16332	-0.07585	0.76674	0.14784	5.9267	-1.67266	-0.0150219754418051	-0.0117	-0.0209	-0.01811	-0.00938	0.52936	0.21	2.41698	-2.47734	-0.300275119585539	-0.23189	-0.41604	-0.36596	-0.18722	0.55914	0.20325	2.74392	-2.18646
"stick"	4	-0.458537792530842	0.168472912861034	-0.304283234348416	1.75916067048713	-0.40661	-0.227	-0.25197	-0.33155	0.9497	0.25194	0.59607	-0.25633	-0.0519615195626901	-0.07533	-0.04785	-0.03724	-0.04742	0.36663	0.89406	-12.06956	-2.75285	-0.972873543398818	-1.40686	-0.87183	-0.70718	-0.90563	0.50434	0.79091	-10.84368	-2.35662
"stick"	4	-0.530509576352779	0.204656727844849	-0.372103261984896	2.04355837644946	-0.4094	-0.44102	-0.27142	-0.36658	0.6653	0.75575	-10.38898	-1.48879	-0.0714098834015888	-0.08722	-0.092	-0.0489	-0.05752	-0.44332	1.56939	-17.69628	-5.4118	-1.32549201684272	-1.60251	-1.69788	-0.91024	-1.09134	-0.25253	1.46199	-16.98739	-4.65852
"stick"	4	-0.204567032936029	0.0972385801724158	-0.120290568977447	2.04355837644946	-0.12352	-0.13008	-0.06859	-0.15897	0.825	0.12502	7.60313	-1.49809	-0.0148489792571709	-0.01619	-0.01699	-0.00826	-0.01796	0.579	0.19392	3.21374	-3.12315	-0.296677678627097	-0.32155	-0.33756	-0.16542	-0.36218	0.61017	0.1866	3.59836	-2.94918
"stick"	4	-0.570375519106165	0.228497581440024	-0.413086748171091	1.60604818920399	-0.34733	-0.45864	-0.38795	-0.45843	0.99245	0.12239	7.81568	-0.32986	-0.073685950190133	-0.0777	-0.09711	-0.05679	-0.06314	0.23146	1.23448	-15.29589	-5.92291	-1.34756591009198	-1.38624	-1.75603	-1.05973	-1.18827	0.41615	1.07597	-13.92163	-4.84294
"stick"	4	-0.979768878861796	0.00189320731442422	-0.72932775766324	2.04355837644946	-0.8183	-0.81815	-0.64109	-0.63978	0.85548	1.58517	-17.79632	-4.96665	-0.317169902967095	-0.4112	-0.41116	-0.22322	-0.22309	-1.73454	6.89523	-32.49768	-10.64796	-4.395182106001	-5.72207	-5.72134	-3.07011	-3.0672	-0.9718	5.85516	-30.86262	-28.51438
"mult"	4	-0.518437336315401	0.111474018660374	-0.698438240880963	2.04355837644946	-0.09171	-0.09855	-1.28813	-1.31536	-10.4418	11.39807	-37.52383	-5.65419	-0.514120333318731	-0.49628	-0.52388	-0.50777	-0.52855	0.99887	0.11345	8.57482	-1.38995	-3.88138768089839	-1.71153	-1.83786	-5.89983	-6.07633	-3.45084	7.10895	-32.80293	-16.84798
"mult"	4	-0.548477760574315	0.0617277176934294	-0.71084681261469	2.04355837644946	-0.08297	-0.0888	-1.33263	-1.33898	-12.40415	11.83438	-37.89947	-5.85262	-0.561210058846115	-0.54976	-0.57568	-0.55987	-0.55953	0.99696	0.17818	4.06023	-2.25606	-3.9278523694357	-1.59314	-1.70376	-6.19094	-6.22357	-4.46165	7.55419	-33.41041	-19.27473
"mult"	4	-0.905754965462256	0.103516073606443	-0.78646458962516	2.04355837644946	-0.00386	-0.0138	-1.55914	-1.56907	-309.43169	14.95677	-40.24102	-11.3655	-0.542645763944704	-0.37507	0	-0.89463	-0.90088	-27.5101	4.53267	-28.3025	-0.58502	-3.99719109499574	-0.08641	-0.30753	-7.75716	-7.83766	-175.07582	11.26431	-37.40578	-20.12718
"mult"	4	-0.919222931575496	0.183657112938818	-0.788018133219177	2.04355837644946	-0.00596	-0.01544	-1.58046	-1.55021	-362.28463	14.92319	-40.21855	-11.72468	-0.530842563196138	-0.47743	0	-0.8912	-0.75475	-25.40699	4.02344	-27.11076	-1.41092	-4.02199060419435	-0.13295	-0.34331	-7.93581	-7.67589	-203.46778	11.19569	-37.34467	-17.17285
"mult"	4	-0.856920706911478	0.242098924180027	-0.7705121736615	2.04355837644946	0.00682	0.00995	-1.5433	-1.55552	-176.06319	14.79571	-40.13276	-10.7408	9.57570994984962	39.64607	0	-0.72032	-0.62291	-86563.91944	327.1467	-71.09347	-1.2258	-3.74807995141476	0.15249	0.22351	-7.64038	-7.72793	-105.60387	11.48043	-37.59582	-14.79396
"mult"	4	-0.0544047566480004	0.170145418029279	-0.266685555272879	2.04355837644946	-0.22039	-0.16518	-0.38686	-0.29431	0.07888	1.02599	-13.44592	-3.6931	-0.0523763247223455	-0.05927	-0.04574	-0.05868	-0.04581	0.95112	0.23634	1.2354	-0.07782	-0.961186610885041	-1.04807	-0.80285	-1.1228	-0.87103	0.89928	0.33926	-2.37944	-0.45911
"mult"	4	-0.276156052981969	0.119265452609397	-0.606994163636819	2.04355837644946	-0.21297	-0.21031	-0.97244	-1.03226	-3.0059	6.53974	-31.96836	-4.74253	-0.288804456175059	-0.29597	-0.2929	-0.27427	-0.29208	0.98701	0.37239	-3.31134	-0.99988	-3.44636112805489	-2.7393	-2.70654	-4.02995	-4.30965	0.40053	2.52985	-22.47097	-8.70361
"mult"	4	-0.562169298005756	0.00767136103240773	-0.712021188392337	2.04355837644946	-0.08262	-0.08169	-1.34136	-1.34242	-13.44234	11.99728	-38.03619	-5.96401	-0.564516824201742	-0.56772	-0.5632	-0.56282	-0.56433	0.99989	0.03378	20.6904	-1.48117	-3.91237189706324	-1.59666	-1.57888	-6.23295	-6.24099	-5.05286	7.76684	-33.68803	-28.30652
"mult"	4	-0.686724262684584	0.223245592438616	-0.73142716357451	2.04355837644946	-0.02923	-0.03594	-1.41964	-1.4409	-25.97889	13.53072	-39.23901	-6.90761	-0.566876821197591	-0.41972	-0.5715	-0.6412	-0.63508	0.70468	1.41566	-16.66534	-1.05154	-3.74964205231392	-0.61249	-0.75554	-6.74869	-6.88184	-13.28127	9.84447	-36.05848	-13.91078
"mult"	4	-0.589187017118093	0.0802612093975767	-0.72015743635421	2.04355837644946	-0.07576	-0.07896	-1.35656	-1.36934	-15.51031	12.34456	-38.32154	-6.14011	-0.610782264340026	-0.61524	-0.63209	-0.59455	-0.60126	0.99327	0.2493	0.70144	-1.373	-3.94553995849536	-1.49009	-1.55276	-6.32955	-6.40977	-6.13691	8.11621	-34.12801	-18.23701
"mult"	4	-0.983222414832562	0.0467837061733007	-0.800767748273747	2.04355837644946	-0.00132	0.00029	-1.59774	-1.6043	-11163.06289	15.286	-40.45876	-18.29218	-0.686951968671143	-0.57739	-0.30453	-0.93566	-0.93023	-228.31464	2.19078	-21.03196	-0.45795	-4.05657104588466	-0.02954	0.00641	-8.07347	-8.12968	-6435.67804	11.60683	-37.70532	-26.81782
"mult"	4	-0.637290964298882	0.136226139380597	-0.738220877351108	2.04355837644946	-0.0695	-0.06347	-1.42658	-1.39333	-19.9528	12.82881	-38.70632	-6.55469	-0.819775963150407	-0.88454	-0.86873	-0.78581	-0.74002	0.6095	1.75136	-18.79333	-1.59212	-4.02573548485793	-1.41597	-1.29425	-6.82601	-6.56671	-8.38954	8.58791	-34.69294	-15.40475
"mult"	4	-0.622413769620471	0.184132071211934	-0.712115718513493	2.04355837644946	-0.06093	-0.05108	-1.37075	-1.3657	-19.91678	13.03971	-38.86938	-6.3222	-0.539892520786545	-0.55764	-0.4808	-0.57233	-0.5488	0.77954	1.3387	-16.1064	-1.60012	-3.74214638559469	-1.2248	-1.02658	-6.38183	-6.33537	-9.4477	9.21575	-35.39853	-16.65085
"mult"	4	-0.794668732432183	0.0690623787231743	-0.762501027276381	2.04355837644946	-0.01713	-0.02138	-1.50835	-1.50314	-66.5439	14.29428	-39.78798	-8.55656	-0.797837541850948	-0.73396	-0.84763	-0.80836	-0.8014	0.99516	0.12105	7.92651	-1.37894	-3.88656002871858	-0.37444	-0.46754	-7.37171	-7.33255	-36.1829	10.60574	-36.80334	-26.812
"mult"	4	-0.353869615937583	0.0336238858290017	-0.63832376139404	2.04355837644946	-0.16345	-0.16587	-1.10807	-1.11591	-4.77079	8.42384	-34.50004	-4.98537	-0.353672508026151	-0.35148	-0.35562	-0.35266	-0.35493	1	0.00732	35.98058	-0.27315	-3.65308343874216	-2.46706	-2.50238	-4.80279	-4.84011	-0.40325	4.15394	-27.42995	-23.2595
"mult"	4	-0.39863386079669	0.0387032949365675	-0.659368938124604	2.04355837644946	-0.14239	-0.1458	-1.17214	-1.17714	-5.94246	9.32187	-35.51301	-5.13221	-0.398292932883325	-0.39283	-0.40016	-0.39821	-0.40198	0.99995	0.02606	23.28407	-2.01422	-3.76901765455667	-2.31001	-2.36385	-5.18407	-5.21813	-0.96273	4.95652	-29.19642	-20.40745
"mult"	4	-0.669724691240117	0.150416037882678	-0.742058960477607	2.04355837644946	-0.04891	-0.047	-1.42711	-1.44522	-24.72583	13.18826	-38.98266	-6.86829	-0.670667978518606	-0.67243	-0.65323	-0.66832	-0.68869	0.99513	0.18137	3.88267	-0.21223	-3.93172833759134	-1.0135	-0.97389	-6.80713	-6.9324	-11.47712	9.1846	-35.36466	-15.75302
"mult"	4	-0.473928345018066	0.0975336039555259	-0.682997680335605	2.04355837644946	-0.11241	-0.1135	-1.26012	-1.24596	-8.81452	10.78601	-36.97189	-5.45198	-0.463807249479747	-0.45992	-0.46353	-0.46548	-0.4663	0.99396	0.26768	-0.0098	-2.91455	-3.83691205290551	-1.99819	-2.01751	-5.69705	-5.63489	-2.52757	6.46642	-31.85561	-21.80679
"mult"	4	-0.998808076907881	0.0642346137901768	-0.804081213580023	2.04355837644946	0.00427	-0.00192	-1.61512	-1.60355	-43817.61715	15.40154	-40.53406	-23.39094	0.450136511189715	0	2.79879	0	-0.99825	-288556.02228	39.52306	-49.95823	-0.86814	-4.07313837587647	0.09631	-0.04325	-8.22278	-8.12283	-25332.12222	11.7106	-37.79433	-22.35149
"mult"	4	-0.583290680986829	0.102908125030808	-0.717423773780269	2.04355837644946	-0.06664	-0.07724	-1.35436	-1.37145	-14.52535	12.32729	-38.30754	-6.0766	-0.58868743224862	-0.55278	-0.61876	-0.58058	-0.60263	0.99732	0.16195	5.01529	-1.4947	-3.90080004904823	-1.31532	-1.5246	-6.32013	-6.44315	-5.8104	8.16457	-34.18742	-17.41432
"mult"	4	-0.924245069501922	0.24985686794389	-0.788111527338021	2.04355837644946	-0.00456	-0.00164	-1.59459	-1.55166	-1084.90541	15.11614	-40.34701	-13.97044	-0.392469117415849	0	0	-0.86599	-0.70389	-286.70031	7.78063	-33.70576	-0.42298	-3.96631593819165	-0.1015	-0.0359	-8.04639	-7.68147	-628.13796	11.50583	-37.61792	-19.6279
"mult"	4	-0.0782501908135601	0.186514903209172	-0.331043882448085	2.04355837644946	-0.22074	-0.19726	-0.44917	-0.457	-0.35192	1.65655	-18.23674	-8.00897	-0.0741272523485312	-0.07607	-0.06862	-0.0754	-0.07642	0.9646	0.26807	-0.02447	-1.48879	-1.30942456104187	-1.26773	-1.13991	-1.40479	-1.42527	0.85457	0.54332	-7.08879	-3.99821
"mult"	4	-0.0941562966327183	0.234805533604231	-0.380315762412417	2.04355837644946	-0.2041	-0.29874	-0.48937	-0.52906	-0.38529	1.85571	-19.37208	-4.84902	-0.0945268928532303	-0.08258	-0.1146	-0.08841	-0.09251	0.98628	0.18471	3.70024	-0.42465	-1.61706721882177	-1.31124	-1.85454	-1.60608	-1.69642	0.92776	0.42377	-4.60376	-1.79364
"mult"	4	-0.337759104836732	0.0133322664769366	-0.629050517106091	2.04355837644946	-0.16934	-0.17195	-1.08888	-1.08603	-4.44029	8.0954	-34.10235	-4.95407	-0.336301438208362	-0.33379	-0.33791	-0.33672	-0.33678	0.99985	0.04241	18.41426	-2.7204	-3.58865416705048	-2.48541	-2.52231	-4.6778	-4.6691	-0.26206	3.89912	-26.7969	-23.58065
"mult"	4	-0.123066233296413	0.135817894421052	-0.419673844100543	2.04355837644946	-0.23215	-0.2425	-0.57452	-0.62953	-0.88394	2.82605	-23.57817	-5.71993	-0.118501747906428	-0.11739	-0.12213	-0.11451	-0.11996	0.98311	0.26757	-0.0057	-2.07358	-1.92609718701258	-1.74042	-1.81408	-2.01115	-2.13873	0.80793	0.90236	-12.16193	-6.87781
"mult"	4	-0.775850511156023	0.215774882119149	-0.756879511616648	2.04355837644946	-0.04068	-0.03256	-1.48305	-1.47122	-54.41668	14.01854	-39.59319	-8.05004	-0.73320280936202	-0.79023	-0.69189	-0.75382	-0.69686	0.91727	0.54164	-7.05776	-0.62525	-3.95011375721559	-0.86252	-0.68995	-7.15511	-7.09288	-28.01295	10.14328	-36.3575	-13.89918
"mult"	4	-0.191727115167305	0.171449072484393	-0.519082805197997	2.04355837644946	-0.25058	-0.21295	-0.82348	-0.78932	-1.54009	4.54415	-28.32779	-5.07895	-0.194004185156039	-0.20949	-0.18212	-0.19407	-0.19034	0.99723	0.15007	5.77726	-2.73417	-2.73796452504225	-2.54031	-2.17842	-3.16342	-3.06972	0.73677	1.46283	-16.99311	-8.4568
"mult"	4	-0.741992101829965	0.065363539964892	-0.751524857253518	2.04355837644946	-0.02966	-0.03168	-1.4734	-1.47136	-41.66398	13.87179	-39.48795	-7.73775	-0.782837812333698	-0.78606	-0.81173	-0.78459	-0.74897	0.9602	0.42367	-4.60148	-1.01842	-3.88361473077145	-0.63565	-0.67913	-7.12378	-7.09589	-21.54404	10.08364	-36.29853	-22.72659
"mult"	4	-0.628002105443738	0.225374835310504	-0.734131887650181	2.04355837644946	-0.07117	-0.0729	-1.40769	-1.38477	-18.06532	12.5858	-38.51508	-6.40167	-0.74926244367045	-0.79289	-0.79857	-0.70593	-0.69966	0.774	1.3703	-16.33969	-1.54419	-4.02905147300894	-1.43438	-1.46859	-6.67766	-6.53557	-7.29631	8.30236	-34.35478	-15.63222
"mult"	4	-0.440081643674057	0.0418801431078464	-0.67655514335951	2.04355837644946	-0.13173	-0.13237	-1.2202	-1.22192	-7.13247	10.05191	-36.26702	-5.25616	-0.446351455933014	-0.44918	-0.45081	-0.44183	-0.44358	0.99803	0.15639	5.36492	-3.23715	-3.87071029268106	-2.24905	-2.25978	-5.48055	-5.49346	-1.5252	5.60125	-30.41929	-21.30872
"mult"	4	-0.811198779114056	0.186670253402553	-0.762395141298644	2.04355837644946	-0.00617	-0.00147	-1.53176	-1.51018	-81.49992	14.49173	-39.92516	-8.96387	-0.529892283229989	-0.44694	-0.08343	-0.85999	-0.72921	-4.0962	3.60178	-26.00365	-0.9802	-3.77738764472206	-0.13688	-0.03246	-7.5458	-7.39441	-46.90909	11.04339	-37.2077	-15.49132
"mult"	4	-0.816896048141643	0.227123439777642	-0.770608820427361	2.04355837644946	-0.01174	-0.00683	-1.51107	-1.5528	-102.75512	14.43274	-39.88438	-9.57963	-0.786627589913594	-0.86105	-0.62237	-0.77491	-0.88818	0.85874	0.53255	-6.88855	-1.57928	-3.87915163489481	-0.25991	-0.15119	-7.38344	-7.72206	-57.47899	10.83538	-37.01755	-18.26872
"mult"	4	-0.762004865519702	0.00641190260648727	-0.754453474212138	2.04355837644946	-0.02511	-0.02515	-1.48385	-1.48371	-50.35918	14.06984	-39.62972	-8.03715	-0.751907627802109	-0.74715	-0.74795	-0.75774	-0.75479	0.998	0.08785	11.13206	-1.21485	-3.86495146783995	-0.54201	-0.54288	-7.18828	-7.18664	-26.80894	10.35314	-36.56229	-32.11239
"mult"	4	-0.430647466669325	0.182255122344941	-0.662706756883386	2.04355837644946	-0.11216	-0.11575	-1.21402	-1.20889	-7.18072	10.16993	-36.38374	-5.29865	-0.407542414254931	-0.38427	-0.39447	-0.42617	-0.42526	0.96943	0.62168	-8.43607	-1.19665	-3.68951694434561	-1.92586	-1.9865	-5.43485	-5.41086	-1.84958	6.00223	-31.1107	-11.17614
"mult"	4	-0.475185688992497	0.228829347295687	-0.68567227963393	2.04355837644946	-0.09872	-0.11649	-1.28857	-1.23891	-9.10399	10.71228	-36.9033	-5.55373	-0.456908372668454	-0.41534	-0.47538	-0.487	-0.44991	0.98915	0.35108	-2.7221	-2.16966	-3.82724915521736	-1.76309	-2.0773	-5.89739	-5.57121	-2.65013	6.43858	-31.81246	-19.09621
"mult"	4	-0.566319694917183	0.103148812195286	-0.712270908046001	2.04355837644946	-0.0809	-0.08335	-1.33759	-1.34724	-14.00067	12.03859	-38.07056	-6.02474	-0.572335085157681	-0.57216	-0.58359	-0.57323	-0.56037	0.99733	0.16075	5.08984	-0.81913	-3.91285462033561	-1.56748	-1.61437	-6.2192	-6.25037	-5.32408	7.81662	-33.75191	-16.91396
"mult"	4	-0.914682827540673	0.000433331646490842	-0.7854801876052	2.04355837644946	-0.00329	-0.00327	-1.56772	-1.56764	-399.95408	14.99815	-40.26865	-11.93524	-0.905215753179881	-0.90262	-0.89919	-0.91002	-0.90904	0.9943	0.05653	15.54036	-0.94122	-3.94935892847274	-0.07361	-0.07316	-7.82564	-7.82503	-230.49663	11.39627	-37.52224	-41.81013
"mult"	4	-0.862776062008925	0.114616480015684	-0.774508406496422	2.04355837644946	-0.01139	-0.00153	-1.52994	-1.55517	-146.90478	14.74174	-40.09622	-10.06571	-0.566007466493175	0	-0.55382	-0.82962	-0.8806	-5.81735	3.16494	-24.71073	-1.98034	-3.88617476830115	-0.25372	-0.03348	-7.52671	-7.73079	-83.90433	11.16921	-37.321	-21.24661
"mult"	4	-0.621748842857778	0.0926745859324001	-0.724402344645823	2.04355837644946	-0.06581	-0.05876	-1.38111	-1.39192	-18.18075	12.73548	-38.6333	-6.39038	-0.625753646642557	-0.65321	-0.60333	-0.60673	-0.63974	0.99558	0.19325	3.2483	-2.16324	-3.89120053710255	-1.32759	-1.18543	-6.47691	-6.57488	-7.88758	8.6691	-34.78704	-21.80407
"mult"	4	-0.35049756426597	0.144544936716557	-0.635382442861787	2.04355837644946	-0.17615	-0.16079	-1.09126	-1.11333	-4.55354	8.35754	-34.42103	-4.94894	-0.35211060139854	-0.36698	-0.34145	-0.34758	-0.35244	0.9997	0.06169	14.66761	-2.5266	-3.64790045484924	-2.63508	-2.41337	-4.72321	-4.81994	-0.31856	4.07233	-27.23153	-17.68221
"mult"	4	-0.180952913919464	0.0570500807953067	-0.511149288848472	2.04355837644946	-0.22567	-0.23603	-0.79603	-0.78688	-1.58349	4.22552	-27.60081	-4.95325	-0.182774933820283	-0.1795	-0.18635	-0.18348	-0.18177	0.99926	0.07159	13.17845	-0.90012	-2.63951253832285	-2.22328	-2.31768	-3.02462	-2.99247	0.74537	1.32658	-16.0154	-11.69688
"mult"	4	-0.879795650846791	0.136208846990485	-0.7784315838795	2.04355837644946	-0.007	-0.00443	-1.54867	-1.55363	-185.03074	14.77194	-40.11668	-10.3952	-0.774265128590371	-0.71173	-0.62651	-0.87608	-0.88275	0.65508	0.63607	-8.66485	-2.03632	-3.91205042516802	-0.15564	-0.09883	-7.68062	-7.71311	-105.62764	11.18356	-37.33384	-19.96582
"mult"	4	-0.697479891346302	0.0744279634673148	-0.741541890458508	2.04355837644946	-0.03984	-0.03974	-1.44854	-1.43806	-30.19076	13.52248	-39.23292	-7.15003	-0.679753976815667	-0.67166	-0.67045	-0.69978	-0.67713	0.99377	0.19114	3.35794	-0.62836	-3.87044261284715	-0.83718	-0.83499	-6.94404	-6.86556	-14.93983	9.66685	-35.87642	-20.77745
"mult"	4	-0.25510928571457	0.0156346228905022	-0.577617260256825	2.04355837644946	-0.20649	-0.20625	-0.94558	-0.95214	-2.7733	6.1624	-31.37406	-4.83457	-0.255490853110654	-0.25606	-0.25581	-0.25395	-0.25614	0.99999	0.00981	33.05277	-1.61878	-3.20160437647293	-2.53486	-2.532	-3.85376	-3.8858	0.39877	2.45986	-22.19041	-19.99654
"mult"	4	-0.382194010389503	0.249890880775638	-0.662889660218994	2.04355837644946	-0.15271	-0.18914	-1.11278	-1.19693	-4.8647	8.77046	-34.90327	-4.97721	-0.420641880727831	-0.40922	-0.46817	-0.38425	-0.42093	0.92706	0.97811	-12.96802	-2.26217	-3.91283376519308	-2.43502	-2.97452	-4.88739	-5.35441	-0.29647	4.12364	-27.35675	-11.38205
"mult"	4	-0.7423338509514	0.11867380462354	-0.753347000880154	2.04355837644946	-0.03403	-0.03747	-1.48023	-1.46166	-40.93099	13.88672	-39.49872	-7.66378	-0.767516921173724	-0.75997	-0.80966	-0.77557	-0.72486	0.97945	0.3074	-1.39336	-1.4734	-3.93101822110163	-0.7273	-0.80086	-7.17205	-7.02387	-20.78901	10.01039	-36.22562	-18.33448
"mult"	4	-0.0662865679012612	0.141969344753306	-0.315940330183567	2.04355837644946	-0.20752	-0.2107	-0.4193	-0.42624	0.00066	1.24929	-15.41513	-7.76334	-0.0668511021900229	-0.06484	-0.06572	-0.06772	-0.06913	0.9956	0.08291	11.71015	-0.34027	-1.20177747546795	-1.107	-1.12253	-1.27597	-1.30161	0.94569	0.29124	-0.85315	-3.54259
"mult"	4	-0.140737312543206	0.0881010365555994	-0.463580660062007	2.04355837644946	-0.23241	-0.24462	-0.67317	-0.70412	-0.99421	3.12882	-24.59595	-5.0395	-0.142753629992206	-0.1392	-0.14549	-0.13969	-0.14663	0.99922	0.06191	14.63178	-0.69622	-2.23043118933699	-1.94043	-2.03491	-2.41293	-2.53345	0.8588	0.83254	-11.35667	-9.02081
"mult"	4	-0.732885496830568	0.0923324744217098	-0.750473187572888	2.04355837644946	-0.0333	-0.02681	-1.47713	-1.46465	-39.55498	13.86503	-39.48308	-7.64481	-0.777060618674915	-0.83317	-0.74359	-0.7891	-0.74238	0.95567	0.4584	-5.38916	-1.70267	-3.87333646045881	-0.71434	-0.57478	-7.153	-7.05123	-20.46699	10.08752	-36.30237	-21.95518
"mult"	4	-0.465592104091775	0.237696186755784	-0.675546120076738	2.04355837644946	-0.12827	-0.09872	-1.26764	-1.20755	-7.60692	10.62201	-36.81867	-5.28683	-0.44890099842584	-0.48857	-0.39453	-0.48365	-0.42885	0.98767	0.40212	-4.07923	-1.35273	-3.79584847852706	-2.25718	-1.74174	-5.79798	-5.38649	-2.04315	6.31604	-31.62031	-11.59797
"add"	4	-0.141587198746856	0.126893159002066	-0.0747422130227025	2.04355837644946	-0.0865	-0.09208	-0.11451	-0.00588	0.69529	0.09596	10.249	-0.68185	-0.00851833044089159	-0.01023	-0.01086	-0.01222	-0.00077	0.59293	0.11091	8.80097	-0.53392	-0.171779952492832	-0.20551	-0.21828	-0.24807	-0.01526	0.60544	0.10919	8.95695	-0.54708
"add"	4	-0.830551414960064	0.186676719400566	-0.211558892421932	3.28651436327249	-0.23164	-0.16904	-0.2417	-0.20385	0.92209	0.25068	0.64621	-0.98133	-0.0544153909398187	-0.06755	-0.05239	-0.05135	-0.04636	0.50566	0.63146	-8.59218	-1.33319	-1.0146421034956	-1.23782	-0.94564	-0.99209	-0.88301	0.65308	0.52899	-6.82156	-1.00166
"add"	4	-0.453795370354783	0.0467877787887119	-0.166951427703948	2.04355837644946	-0.16962	-0.14071	-0.19148	-0.16599	0.89084	0.14738	5.95831	-3.59373	-0.0236884763410242	-0.02715	-0.02287	-0.0239	-0.02084	0.97252	0.07394	12.85583	-0.57511	-0.464180099521731	-0.52566	-0.44174	-0.47527	-0.41405	0.98585	0.05305	16.17555	-0.0757
"add"	4	-0.417113728425466	0.139142448257189	-0.0835703140003792	4.40444915257212	-0.09182	-0.07087	-0.11249	-0.05911	0.99261	0.03783	19.55721	-0.53576	-0.0218455000093732	-0.02552	-0.01998	-0.02725	-0.01463	0.92912	0.11718	8.25118	-1.98942	-0.429271123469267	-0.49584	-0.38696	-0.54385	-0.29042	0.95242	0.09601	10.24341	-1.69648
"add"	4	-0.901982619450428	0.0738925607292913	-0.269628564888376	2.04355837644946	-0.23146	-0.19612	-0.32837	-0.32257	0.65458	0.53501	-6.93475	-5.88621	-0.0493263328565888	-0.05425	-0.04698	-0.04877	-0.0473	0.95677	0.18928	3.456	-3.78108	-0.921735019009062	-0.98587	-0.84948	-0.93909	-0.91251	0.99086	0.08703	11.22518	-1.78581
"add"	4	-0.0889639240456745	0.141048563702498	-0.0239616137208716	2.04355837644946	-0.02186	0.01628	-0.06709	-0.02317	-2.31566	0.13828	6.59526	-5.86147	-0.00246813007621788	-0.00251	0.00194	-0.00704	-0.00225	-2.20146	0.13588	6.77051	-6.47294	-0.0503041911981287	-0.05069	0.03894	-0.14324	-0.04622	-2.21195	0.1361	6.75416	-6.40279
"add"	4	-0.757144338975195	0.125568488554563	-0.241306662485216	2.04355837644946	-0.19047	-0.18129	-0.31806	-0.2754	0.76526	0.36417	-3.08817	-7.4641	-0.0406028198832881	-0.04059	-0.03887	-0.04438	-0.03856	0.94934	0.16917	4.57885	-4.31611	-0.771736273295128	-0.75096	-0.71827	-0.86606	-0.75165	0.98095	0.10374	9.4692	-1.37037
"add"	4	-0.213937429396901	0.134734063642099	-0.114618745949773	2.04355837644946	-0.07628	-0.17516	-0.12277	-0.08427	0.50263	0.17957	3.98271	-0.36721	-0.0136901484612731	-0.00939	-0.02185	-0.0137	-0.00982	0.30428	0.21238	2.30462	-0.19479	-0.274630506388243	-0.18793	-0.43657	-0.27664	-0.19738	0.32716	0.20885	2.47182	-0.21121
"add"	4	-0.770945329626556	0.190901218447834	-0.245993536312039	2.04355837644946	-0.18109	-0.19869	-0.33374	-0.27045	0.79456	0.36833	-3.2017	-7.56809	-0.0423004596967181	-0.03997	-0.04336	-0.04741	-0.03846	0.9351	0.20702	2.56	-4.90958	-0.800768944273296	-0.73456	-0.79868	-0.92233	-0.7475	0.97498	0.12853	7.32616	-3.36892
"add"	4	-0.903244897932746	0.0671573361614719	-0.260495848468598	2.04355837644946	-0.21315	-0.22017	-0.30135	-0.30732	0.54923	0.63155	-8.59353	-8.82527	-0.047549621473479	-0.04955	-0.05102	-0.04477	-0.04486	0.99265	0.08064	11.98799	-3.32853	-0.889446704431944	-0.90135	-0.9288	-0.86167	-0.86597	0.99672	0.05389	16.01946	-1.53815
"add"	4	-0.770383860752918	0.216813631530385	-0.234071543866723	2.04355837644946	-0.21787	-0.21073	-0.25292	-0.25477	0.67435	0.46564	-5.54594	-9.13274	-0.0398243467497187	-0.04452	-0.04317	-0.03497	-0.03664	0.98881	0.08633	11.30588	-3.82826	-0.756390877971495	-0.82919	-0.80367	-0.68213	-0.71057	0.99464	0.05975	14.98716	-4.03896
"add"	4	-0.417758164892439	0.182667819783092	-0.148814564285653	2.04355837644946	-0.14755	-0.07536	-0.20395	-0.1684	0.33927	0.30776	-1.40497	-4.72532	-0.0203373535114483	-0.0239	-0.01222	-0.0247	-0.02053	0.84717	0.14801	5.91516	-3.37388	-0.400437555031669	-0.46219	-0.23625	-0.49365	-0.40966	0.80553	0.16697	4.71031	-3.66331
"add"	4	-0.401678566739429	0.111297967669088	-0.0661094592680863	5.90959916666333	-0.03893	-0.08457	-0.06889	-0.07204	0.89514	0.13148	7.09931	-2.23384	-0.0220945456175245	-0.01414	-0.02947	-0.02225	-0.02252	0.85744	0.15331	5.56373	-1.87336	-0.435625660753521	-0.2731	-0.57564	-0.44224	-0.45153	0.87386	0.14421	6.17541	-1.93766
"add"	4	-0.735061092139222	0.225785834947601	-0.246064871021305	2.04355837644946	-0.22952	-0.25936	-0.31122	-0.18416	0.78289	0.39206	-3.82604	-3.28568	-0.0414825374571365	-0.04529	-0.05094	-0.04197	-0.02773	0.93995	0.20619	2.60001	-1.65848	-0.789429434764288	-0.84787	-0.9547	-0.82201	-0.53314	0.96166	0.16475	4.8437	-2.30808
"add"	4	-0.101618535548914	0.204413948988076	-0.117273161175392	2.08248377351774	-0.02036	-0.26455	-0.04455	-0.13963	-1.73989	0.49903	-6.23855	-3.46593	-0.0134512324480009	-0.00336	-0.02943	-0.00566	-0.01535	-1.91267	0.51453	-6.54431	-3.62456	-0.27145209677394	-0.06537	-0.59629	-0.113	-0.31115	-1.89515	0.51298	-6.51413	-3.60829
"add"	4	-0.992989550461061	0.0695115947164595	-0.282923716460526	2.04355837644946	-0.24261	-0.22729	-0.3697	-0.2921	0.61398	0.66374	-9.09081	-4.97804	-0.0546316226388718	-0.06025	-0.05682	-0.0556	-0.04585	0.95557	0.22517	1.71959	-2.46442	-1.00949377465836	-1.08176	-1.01846	-1.06594	-0.87181	0.98841	0.11502	8.43738	-1.35148
"add"	4	-0.883017785847187	0.132065798912663	-0.266671678488091	2.04355837644946	-0.17576	-0.19827	-0.35793	-0.33473	0.49029	0.6238	-8.47007	-6.30139	-0.0480607823591036	-0.04314	-0.04802	-0.05149	-0.04959	0.99071	0.08421	11.55501	-3.68094	-0.899498597908144	-0.77688	-0.86742	-0.99775	-0.95595	0.99337	0.07115	13.23981	-4.09339
"add"	4	-0.348225881753024	0.16900145629188	-0.160165725837976	2.02463357406213	-0.15628	-0.16184	-0.13958	-0.18296	0.91546	0.1184	8.1479	-1.56995	-0.0221992527975755	-0.0241	-0.02482	-0.01793	-0.02195	0.70528	0.22106	1.90382	-1.38317	-0.436200588735437	-0.46852	-0.48286	-0.35503	-0.43839	0.75195	0.2028	2.76589	-1.33742
"add"	4	-0.959369726106524	0.242642836761661	-0.124308952988963	6.86130908064482	-0.14812	-0.1246	-0.12618	-0.09834	0.97315	0.17728	4.11092	-1.36204	-0.0570987603869566	-0.07281	-0.06184	-0.05158	-0.04217	0.83586	0.43828	-4.94041	-2.71589	-1.06077524256068	-1.33001	-1.12522	-0.99057	-0.79729	0.90611	0.33149	-2.14775	-1.92519
"add"	4	-0.500499171437696	0.015499449276831	-0.175213130890824	2.04355837644946	-0.15847	-0.15051	-0.19158	-0.2003	0.816	0.21703	2.08785	-6.79408	-0.0256068845463864	-0.02686	-0.0256	-0.02457	-0.02541	0.99474	0.0367	19.86016	-2.55937	-0.499404412791824	-0.51582	-0.49125	-0.48658	-0.50398	0.99881	0.01743	27.30729	-2.42328
"add"	4	-0.0807843549060636	0.161685716651846	-0.0592926570185698	1.82136267307542	-0.04956	-0.09358	-0.08972	-0.00432	0.54504	0.14609	6.04576	-4.19718	-0.00603935102664035	-0.00505	-0.00969	-0.0081	-0.00132	0.52339	0.14953	5.81332	-3.82843	-0.121960517104158	-0.10194	-0.19547	-0.16523	-0.0252	0.52694	0.14897	5.85069	-3.86149
"add"	4	-0.938501181302126	0.192607410950586	-0.283142416945712	2.04355837644946	-0.22902	-0.19247	-0.37871	-0.33236	0.67756	0.5147	-6.54776	-4.73433	-0.0520509283603009	-0.05531	-0.04775	-0.05662	-0.04853	0.90613	0.27771	-0.37765	-1.78015	-0.97071995706163	-0.99924	-0.85754	-1.08949	-0.93661	0.95907	0.18338	3.77259	-2.43924
"add"	4	-0.465228355058935	0.174664936785121	-0.144185203889256	2.04355837644946	-0.12181	-0.13699	-0.21205	-0.10589	0.59751	0.27908	-0.4268	-2.84557	-0.020379258691677	-0.02002	-0.0222	-0.02574	-0.01355	0.9389	0.10874	8.99887	-0.62812	-0.39946362114746	-0.38628	-0.42914	-0.51388	-0.26856	0.91879	0.12536	7.57628	-0.86904
"add"	4	-0.86178887487622	0.114255613996647	-0.269858668336478	2.04355837644946	-0.19019	-0.25636	-0.33527	-0.29762	0.76057	0.46503	-5.53277	-8.62946	-0.0494713764684424	-0.04528	-0.05847	-0.04954	-0.04459	0.92066	0.2677	-0.01047	-5.2632	-0.924905246655668	-0.81939	-1.06813	-0.95488	-0.85722	0.97119	0.16132	5.05422	-3.28159
"add"	4	-0.642745280533563	0.116060232103337	-0.217022175258665	2.04355837644946	-0.18647	-0.18814	-0.23152	-0.26196	0.7594	0.33031	-2.11204	-8.50228	-0.0350441256293578	-0.03637	-0.03665	-0.03147	-0.03569	0.97029	0.11606	8.34674	-3.73838	-0.671852500311343	-0.68301	-0.68851	-0.61665	-0.69925	0.98756	0.07511	12.69801	-2.44467
"add"	4	-0.628258874372114	0.210055976873264	-0.176424725084684	2.80713474700873	-0.21487	-0.1973	-0.1329	-0.16062	0.93091	0.17343	4.33065	-1.19077	-0.0344876823159295	-0.04487	-0.04143	-0.02242	-0.02923	0.76921	0.31697	-1.69982	-1.11455	-0.666887883632389	-0.86112	-0.79407	-0.44237	-0.56999	0.81501	0.28378	-0.59387	-1.14039
"add"	4	-0.212929348077159	0.222475270158611	-0.158425934838209	2.04355837644946	-0.16727	-0.22778	-0.10636	-0.1323	0.37998	0.27664	-0.33887	-1.00476	-0.0195033337370548	-0.02088	-0.02875	-0.01244	-0.01595	0.2884	0.29636	-1.02765	-0.50881	-0.389701463168352	-0.41679	-0.57321	-0.24979	-0.31903	0.29885	0.29418	-0.95368	-0.56031
"add"	4	-0.923267215443775	0.142551508208271	-0.277085118266033	2.04355837644946	-0.1981	-0.22241	-0.36155	-0.32628	0.5903	0.63378	-8.62882	-9.81427	-0.0516220081217328	-0.04914	-0.05444	-0.05299	-0.04992	0.97416	0.15918	5.18812	-1.47469	-0.960424250498656	-0.88261	-0.98087	-1.02228	-0.95595	0.99469	0.07217	13.09773	-1.4699
"add"	4	-0.481505271594506	0.157945685728919	-0.160338802737828	2.04355837644946	-0.1896	-0.15857	-0.14066	-0.15253	0.56329	0.32336	-1.8996	-2.48996	-0.0230081415616371	-0.03023	-0.02558	-0.01645	-0.01977	0.89468	0.1588	5.21191	-1.08105	-0.450103848258683	-0.58562	-0.49446	-0.32959	-0.39074	0.87499	0.17301	4.35477	-1.15231
"add"	4	-0.653075913782232	0.101674231758807	-0.213260885800148	2.04355837644946	-0.18944	-0.16407	-0.28404	-0.21549	0.72381	0.36067	-2.99147	-9.16216	-0.0339610979326316	-0.03659	-0.03195	-0.03834	-0.02895	0.9898	0.06932	13.50141	-1.98442	-0.652556725659304	-0.68857	-0.60026	-0.75284	-0.56856	0.99315	0.05681	15.4904	-2.23838
"add"	4	-0.125707037083339	0.223203292465769	-0.0955094710288427	2.11492275086125	-0.30291	0.08969	-0.11609	-0.05273	0.49011	0.18715	3.56911	-1.4845	-0.0100704624154902	-0.03246	0.01115	-0.01306	-0.00591	0.51232	0.18303	3.79183	-1.05392	-0.205521722052913	-0.66093	0.22323	-0.26467	-0.11972	0.51202	0.18308	3.78872	-1.09668
"add"	4	-0.893891189305577	0.203302308393177	-0.137424519798749	5.58905380246794	-0.17333	-0.11854	-0.14537	-0.11245	0.99877	0.03619	20.00138	-1.7285	-0.0527916398710897	-0.07122	-0.05058	-0.0497	-0.03966	0.82925	0.42702	-4.68015	-7.78528	-0.985537859088565	-1.3118	-0.91998	-0.95502	-0.75535	0.90731	0.31462	-1.62562	-6.76904
"add"	4	-0.77584368592361	0.187406133045442	-0.228536757958778	2.04355837644946	-0.11533	-0.22198	-0.29928	-0.27755	0.4979	0.49467	-6.15082	-3.48536	-0.0383406745409405	-0.02626	-0.04685	-0.04109	-0.03915	0.97165	0.11755	8.21951	-0.38947	-0.728605975552647	-0.47976	-0.869	-0.80347	-0.76219	0.96662	0.12755	7.40306	-0.41729
"add"	4	-0.391879170679022	0.173149446200114	-0.134710828002261	2.04355837644946	-0.15065	-0.06955	-0.16653	-0.15212	0.54862	0.25168	0.60656	-3.04658	-0.0174593902519677	-0.02247	-0.00984	-0.0197	-0.01783	0.81314	0.16193	5.01628	-1.88305	-0.346523563992099	-0.43928	-0.19389	-0.39504	-0.35789	0.79257	0.17061	4.49412	-2.01063
"add"	4	-0.329685793397948	0.109650025609881	-0.123717186034203	2.45827888271376	-0.12169	-0.137	-0.12769	-0.10848	0.98787	0.04202	18.50709	-2.02476	-0.0191440544748424	-0.02025	-0.02266	-0.01834	-0.01532	0.89246	0.12509	7.59748	-2.96352	-0.378654320244889	-0.39715	-0.44488	-0.3661	-0.30648	0.91555	0.11086	8.80579	-2.57057
"add"	4	-0.604454971116502	0.134137838613242	-0.21566129278179	2.04355837644946	-0.23555	-0.13152	-0.29575	-0.19983	0.81695	0.28401	-0.60177	-3.3341	-0.034706154204633	-0.04455	-0.0269	-0.03944	-0.02794	0.94108	0.16112	5.06646	-1.61258	-0.665697465703153	-0.84142	-0.50083	-0.77548	-0.54505	0.97132	0.11242	8.66574	-1.0168
"add"	4	-0.398906824085861	0.00866643048357219	-0.148433776118138	2.04355837644946	-0.13633	-0.13393	-0.16478	-0.15869	0.87622	0.14403	6.18767	-8.02817	-0.0204580910458011	-0.02121	-0.02086	-0.02021	-0.01954	0.99545	0.02762	22.70322	-4.61829	-0.402639421102914	-0.41234	-0.40548	-0.40315	-0.38959	0.99963	0.00783	35.30537	-1.72063
"add"	4	-0.137010621069931	0.128769924514927	-0.0671811308839966	2.04355837644946	-0.01897	-0.0861	-0.05727	-0.10638	0.45967	0.1117	8.72956	-3.02597	-0.00744009771161633	-0.00219	-0.01012	-0.00604	-0.01141	0.55179	0.10174	9.66418	-2.83672	-0.150514624735378	-0.04418	-0.20353	-0.12274	-0.23162	0.54398	0.10262	9.57781	-2.85324
"add"	4	-0.71745801505167	0.0611325889476575	-0.217262500501811	2.04355837644946	-0.14911	-0.16536	-0.2602	-0.29438	0.53222	0.45498	-5.31444	-6.61711	-0.0351063404456817	-0.031	-0.0341	-0.03617	-0.03915	0.99344	0.05387	16.02284	-3.97225	-0.671986149653931	-0.5762	-0.63482	-0.70668	-0.77025	0.97787	0.09897	9.94008	-3.54393
"add"	4	-0.251112795283552	0.212741603318136	-0.109756763255797	2.04355837644946	-0.11594	-0.12064	-0.1401	-0.06234	0.73626	0.14203	6.32783	-1.96731	-0.0138527789284926	-0.01575	-0.01634	-0.01554	-0.00778	0.8479	0.10786	9.08009	-1.57371	-0.275964184170117	-0.31149	-0.32336	-0.31403	-0.15498	0.84487	0.10893	8.98131	-1.62139
"add"	4	-0.672949523862917	0.194410138996318	-0.0662368261854585	9.57053117575791	-0.07292	-0.05876	-0.07746	-0.05581	0.94638	0.16644	4.74189	-1.1071	-0.0365833758599716	-0.04249	-0.03434	-0.04034	-0.02917	0.90915	0.21664	2.10579	-0.54425	-0.705550019573026	-0.80511	-0.64987	-0.79392	-0.5733	0.93065	0.18928	3.45582	-0.73272
"add"	4	-0.221705578605179	0.14013308682479	-0.0984097897021411	2.04355837644946	-0.23267	-0.00283	-0.07966	-0.07847	0.55921	0.1446	6.1483	-0.56119	-0.0110690669247667	-0.02647	-0.00015	-0.00895	-0.00871	0.42418	0.16527	4.81214	-0.17842	-0.2235831765217	-0.53431	-0.00346	-0.18062	-0.17595	0.43884	0.16316	4.94103	-0.2142
"add"	4	-0.218388734408654	0.220334739191458	-0.0531352951471027	2.20571961873234	0.118	-0.12552	-0.15074	-0.05428	0.3801	0.27019	-0.10326	-1.36645	-0.00603655254133448	0.01743	-0.01603	-0.01751	-0.00803	0.43797	0.25727	0.38676	-1.24708	-0.122954766004557	0.34361	-0.32163	-0.35478	-0.15901	0.433	0.25841	0.34279	-1.26066
"add"	4	-0.148512008727994	0.0480572609230876	-0.106563385126643	1.30189240581686	-0.11975	-0.08924	-0.0871	-0.13016	0.95909	0.03971	19.07334	-1.43497	-0.00852794463268028	-0.01018	-0.00774	-0.00678	-0.00941	0.88122	0.06766	13.74381	-1.92552	-0.171460390728717	-0.20398	-0.1548	-0.13653	-0.19053	0.89204	0.0645	14.22142	-1.85195
"add"	4	-0.842655785148963	0.0474442490958609	-0.253118714656805	2.04355837644946	-0.21466	-0.20461	-0.2873	-0.3059	0.63401	0.52476	-6.74122	-7.877	-0.0448162311809759	-0.0478	-0.04579	-0.04169	-0.04398	0.98623	0.10179	9.65912	-7.61761	-0.843664987911654	-0.87698	-0.83903	-0.80648	-0.85217	0.99977	0.01302	30.22583	-1.93502
"add"	4	-0.506751879723743	0.224142693041358	-0.142404386737877	2.04355837644946	-0.10052	-0.10534	-0.20326	-0.16049	0.12308	0.59778	-8.04402	-1.48507	-0.0211841737060771	-0.0182	-0.01901	-0.02754	-0.01999	0.65844	0.37307	-3.32953	-0.91977	-0.411979070651213	-0.34619	-0.36177	-0.54175	-0.39821	0.60603	0.40067	-4.0433	-0.98556
"add"	4	-0.609552272642031	0.249923609546386	-0.20038726117994	2.04355837644946	-0.23521	-0.10537	-0.231	-0.22997	0.64007	0.42718	-4.68381	-2.88997	-0.0310821421060502	-0.04217	-0.02057	-0.02914	-0.03244	0.92204	0.19881	2.96471	-1.3281	-0.600300295077147	-0.80344	-0.38605	-0.57845	-0.63326	0.9142	0.20857	2.48562	-1.38364
"add"	4	-0.163878306944389	0.213627999415621	-0.0489996425279246	2.04355837644946	-0.03119	-0.04841	-0.03592	-0.08047	0.37421	0.13335	6.95852	-3.01222	-0.00527945242032996	-0.00343	-0.00554	-0.00352	-0.00863	0.41381	0.12906	7.28538	-3.07557	-0.107115519940786	-0.06945	-0.11172	-0.07212	-0.17517	0.41042	0.12943	7.25657	-3.0669
"add"	4	-0.938127059827093	0.0912489947513677	-0.266863452578156	2.04355837644946	-0.25397	-0.19332	-0.28433	-0.33583	0.56315	0.62352	-8.46563	-5.3791	-0.0491278032405776	-0.05885	-0.04601	-0.04207	-0.04958	0.98387	0.11983	8.02765	-1.53001	-0.917163140703549	-1.07179	-0.83258	-0.80934	-0.95493	0.99617	0.05837	15.22066	-0.44985
"add"	4	-0.660167332470883	0.206390376610216	-0.094027259413449	6.86681253992198	-0.04648	-0.13362	-0.10686	-0.08914	0.86517	0.24141	1.02332	-1.01684	-0.039933644679101	-0.02358	-0.05941	-0.04145	-0.03529	0.73972	0.33542	-2.26556	-0.30269	-0.76191180781767	-0.42684	-1.12236	-0.81181	-0.68664	0.80298	0.29182	-0.87324	-0.33928
